0.00000000e+00	0.00000000e+00	-2.73924737e-01	3.35331975e-02	-2.40391540e-01
2.51728808e-03	6.65877661e-07	-2.73924405e-01	3.35332578e-02	-2.40390481e-01
1.00666176e-02	1.06486794e-05	-2.73919426e-01	3.35341664e-02	-2.40374611e-01
2.26403871e-02	5.38637149e-05	-2.73897899e-01	3.35381149e-02	-2.40305920e-01
4.02259358e-02	1.70036015e-04	-2.73840037e-01	3.35487326e-02	-2.40121269e-01
6.28055566e-02	4.14500199e-04	-2.73718304e-01	3.35710424e-02	-2.39732762e-01
9.03565137e-02	8.57921471e-04	-2.73497604e-01	3.36114037e-02	-2.39028279e-01
1.22851066e-01	1.58593893e-03	-2.73135616e-01	3.36773629e-02	-2.37872314e-01
1.60256493e-01	2.69873272e-03	-2.72583080e-01	3.37774692e-02	-2.36106878e-01
2.02535132e-01	4.31051678e-03	-2.71784529e-01	3.39209102e-02	-2.33553102e-01
2.49644411e-01	6.54895946e-03	-2.70678937e-01	3.41171037e-02	-2.30012874e-01
3.01536896e-01	9.55453434e-03	-2.69200785e-01	3.43750332e-02	-2.25271217e-01
3.58160335e-01	1.34798041e-02	-2.67281526e-01	3.47024971e-02	-2.19099224e-01
4.19457713e-01	1.84886404e-02	-2.64851224e-01	3.51051773e-02	-2.11257406e-01
4.85367309e-01	2.47553829e-02	-2.61841167e-01	3.55855069e-02	-2.01500277e-01
5.55822757e-01	3.24639420e-02	-2.58186688e-01	3.61417418e-02	-1.89581004e-01
6.30753115e-01	4.18068468e-02	-2.53831399e-01	3.67670702e-02	-1.75257482e-01
7.10082934e-01	5.29842456e-02	-2.48731791e-01	3.74494017e-02	-1.58298144e-01
7.93732336e-01	6.62028601e-02	-2.42863188e-01	3.81722040e-02	-1.38488124e-01
8.81617093e-01	8.16748995e-02	-2.36225244e-01	3.89165043e-02	-1.15633840e-01
9.73648712e-01	9.96169391e-02	-2.28846322e-01	3.96636575e-02	-8.95657255e-02
1.06973453e+00	1.20248767e-01	-2.20784229e-01	4.03974100e-02	-6.01380523e-02
1.16977778e+00	1.43792205e-01	-2.12120817e-01	4.11028495e-02	-2.72257623e-02
1.27367775e+00	1.70469910e-01	-2.02951517e-01	4.17616738e-02	9.28006692e-03
1.38132981e+00	2.00504154e-01	-1.93372423e-01	4.23458816e-02	4.94776121e-02
1.49262556e+00	2.34115601e-01	-1.83470547e-01	4.28136845e-02	9.34587379e-02
1.60745294e+00	2.71522073e-01	-1.73319841e-01	4.31088201e-02	1.41311053e-01
1.72569633e+00	3.12937318e-01	-1.62982447e-01	4.31615547e-02	1.93116426e-01
1.84723666e+00	3.58569781e-01	-1.52511865e-01	4.28895137e-02	2.48947430e-01
1.97195156e+00	4.08621386e-01	-1.41955842e-01	4.21989158e-02	3.08864460e-01
2.09971545e+00	4.63286339e-01	-1.31357330e-01	4.09885003e-02	3.72917510e-01
2.23039968e+00	5.22749943e-01	-1.20753708e-01	3.91597230e-02	4.41155957e-01
2.36387266e+00	5.87187446e-01	-1.10175346e-01	3.66358954e-02	5.13647995e-01
2.50000000e+00	6.56762917e-01	-9.96449677e-02	3.33898592e-02	5.90507808e-01
2.63864463e+00	7.31628158e-01	-8.91794308e-02	2.94749817e-02	6.71923709e-01
2.77966694e+00	8.11921661e-01	-7.87960836e-02	2.50471084e-02	7.58172686e-01
2.92292493e+00	8.97767604e-01	-6.85251350e-02	2.03617019e-02	8.49604171e-01
3.06827437e+00	9.89274901e-01	-5.84284591e-02	1.57373539e-02	9.46583796e-01
3.21556889e+00	1.08653631e+00	-4.86230383e-02	1.14921939e-02	1.04940546e+00
3.36466018e+00	1.18962758e+00	-3.93029154e-02	7.87636833e-03	1.15820103e+00
3.51539812e+00	1.29860670e+00	-3.07484052e-02	5.02688288e-03	1.27288518e+00
3.66763093e+00	1.41351317e+00	-2.33066687e-02	2.95817465e-03	1.39316468e+00
3.82120532e+00	1.53436737e+00	-1.73294952e-02	1.58446805e-03	1.51862234e+00
3.97596666e+00	1.66116998e+00	-1.30661440e-02	7.59456809e-04	1.64886329e+00
4.13175911e+00	1.79390150e+00	-1.05392447e-02	3.18622855e-04	1.78368088e+00
4.28842581e+00	1.93252183e+00	-9.45995490e-03	1.13704225e-04	1.92317558e+00
4.44580900e+00	2.07696992e+00	-9.24823113e-03	3.32690847e-05	2.06775496e+00
4.60375022e+00	2.22716355e+00	-9.18057358e-03	7.61522851e-06	2.21799059e+00
4.76209042e+00	2.38299911e+00	-8.60866260e-03	1.28487187e-06	2.37439173e+00
4.92067018e+00	2.54435156e+00	-7.13773975e-03	1.48277034e-07	2.53721397e+00
5.07932982e+00	2.71107438e+00	-4.68050606e-03	1.06626947e-08	2.70639389e+00
5.23790958e+00	2.88299972e+00	-1.39357186e-03	4.26115086e-10	2.88160614e+00
5.39624978e+00	3.05993847e+00	2.42816613e-03	8.23561045e-12	3.06236664e+00
5.55419100e+00	3.24168063e+00	6.42861067e-03	6.51665064e-14	3.24810924e+00
5.71157419e+00	3.42799556e+00	1.02240603e-02	1.73403356e-16	3.43821962e+00
5.86824089e+00	3.61863244e+00	1.34224603e-02	1.26248810e-19	3.63205490e+00
6.02403334e+00	3.81332077e+00	1.56620882e-02	1.88291294e-23	3.82898286e+00
6.17879468e+00	4.01177099e+00	1.66838756e-02	4.35079420e-28	4.02845486e+00
6.33236907e+00	4.21367507e+00	1.64119005e-02	1.11273866e-33	4.23008698e+00
6.48460188e+00	4.41870737e+00	1.49977385e-02	2.17688908e-40	4.43370510e+00
6.63533982e+00	4.62652533e+00	1.27886692e-02	2.17698491e-48	4.63931400e+00
6.78443111e+00	4.83677048e+00	1.02239340e-02	7.09795428e-58	4.84699441e+00
6.93172563e+00	5.04906933e+00	7.70666709e-03	4.70050294e-69	5.05677599e+00
7.07707507e+00	5.26303441e+00	5.51265941e-03	3.79519065e-82	5.26854707e+00
7.22033306e+00	5.47826540e+00	3.76660941e-03	2.28906912e-97	5.48203201e+00
7.36135537e+00	5.69435021e+00	2.47302180e-03	6.07890137e-115	5.69682324e+00
7.50000000e+00	5.91086625e+00	1.56809468e-03	4.29857301e-135	5.91243434e+00
7.63612734e+00	6.12738162e+00	9.64148314e-04	2.36821054e-158	6.12834577e+00
7.76960032e+00	6.34345645e+00	5.76777766e-04	2.12801339e-184	6.34403323e+00
7.90028455e+00	6.55864422e+00	3.36735461e-04	1.19597750e-213	6.55898096e+00
8.02804844e+00	6.77249314e+00	1.92426784e-04	2.86405144e-246	6.77268556e+00
8.15276334e+00	6.98454752e+00	1.07950114e-04	2.12635161e-282	6.98465547e+00
8.27430367e+00	7.19434925e+00	5.96297118e-05	0.00000000e+00	7.19440888e+00
8.39254706e+00	7.40143920e+00	3.25293169e-05	0.00000000e+00	7.40147172e+00
8.50737444e+00	7.60535869e+00	1.75776431e-05	0.00000000e+00	7.60537627e+00
8.61867019e+00	7.80565100e+00	9.43597981e-06	0.00000000e+00	7.80566043e+00
8.72632225e+00	8.00186277e+00	5.04675335e-06	0.00000000e+00	8.00186781e+00
8.83022222e+00	8.19354553e+00	2.69684846e-06	0.00000000e+00	8.19354823e+00
8.93026547e+00	8.38025714e+00	1.44388353e-06	0.00000000e+00	8.38025858e+00
9.02635129e+00	8.56156323e+00	7.76645507e-07	0.00000000e+00	8.56156400e+00
9.11838291e+00	8.73703864e+00	4.20827184e-07	0.00000000e+00	8.73703906e+00
9.20626766e+00	8.90626884e+00	2.30290433e-07	0.00000000e+00	8.90626907e+00
9.28991707e+00	9.06885127e+00	1.27608193e-07	0.00000000e+00	9.06885140e+00
9.36924689e+00	9.22439670e+00	7.17633762e-08	0.00000000e+00	9.22439677e+00
9.44417724e+00	9.37253053e+00	4.10542568e-08	0.00000000e+00	9.37253057e+00
9.51463269e+00	9.51289405e+00	2.39396141e-08	0.00000000e+00	9.51289408e+00
9.58054229e+00	9.64514564e+00	1.42581103e-08	0.00000000e+00	9.64514565e+00
9.64183967e+00	9.76896191e+00	8.68353546e-09	0.00000000e+00	9.76896192e+00
9.69846310e+00	9.88403880e+00	5.41705379e-09	0.00000000e+00	9.88403880e+00
9.75035559e+00	9.99009261e+00	3.46470473e-09	0.00000000e+00	9.99009262e+00
9.79746487e+00	1.00868610e+01	2.27585658e-09	0.00000000e+00	1.00868610e+01
9.83974351e+00	1.01741037e+01	1.53757729e-09	0.00000000e+00	1.01741037e+01
9.87714893e+00	1.02516037e+01	1.07049553e-09	0.00000000e+00	1.02516037e+01
9.90964349e+00	1.03191676e+01	7.70836212e-10	0.00000000e+00	1.03191676e+01
9.93719444e+00	1.03766264e+01	5.75403890e-10	0.00000000e+00	1.03766264e+01
9.95977406e+00	1.04238362e+01	4.47658914e-10	0.00000000e+00	1.04238362e+01
9.97735961e+00	1.04606786e+01	3.64974119e-10	0.00000000e+00	1.04606786e+01
9.98993338e+00	1.04870609e+01	3.13672200e-10	0.00000000e+00	1.04870609e+01
9.99748271e+00	1.05029169e+01	2.85675264e-10	0.00000000e+00	1.05029169e+01
1.00000000e+01	1.05082067e+01	2.76760526e-10	0.00000000e+00	1.05082067e+01
