0.00000000e+00	0.00000000e+00	-8.14377329e-02	1.12240140e-03	-8.03153315e-02
2.51728808e-03	6.65877661e-07	-8.14375723e-02	1.12240649e-03	-8.03144999e-02
1.00666176e-02	1.06486794e-05	-8.14351676e-02	1.12248210e-03	-8.03020368e-02
2.26403871e-02	5.38637149e-05	-8.14247657e-02	1.12280939e-03	-8.02480926e-02
4.02259358e-02	1.70036015e-04	-8.13968177e-02	1.12368842e-03	-8.01030932e-02
6.28055566e-02	4.14500199e-04	-8.13380663e-02	1.12553484e-03	-7.97980313e-02
9.03565137e-02	8.57921471e-04	-8.12317247e-02	1.12887372e-03	-7.92449295e-02
1.22851066e-01	1.58593893e-03	-8.10577521e-02	1.13432837e-03	-7.83374848e-02
1.60256493e-01	2.69873272e-03	-8.07933155e-02	1.14260134e-03	-7.69519815e-02
2.02535132e-01	4.31051678e-03	-8.04135124e-02	1.15444770e-03	-7.49485480e-02
2.49644411e-01	6.54895946e-03	-7.98923192e-02	1.17063788e-03	-7.21727219e-02
3.01536896e-01	9.55453434e-03	-7.92039705e-02	1.19191039e-03	-6.84575258e-02
3.58160335e-01	1.34798041e-02	-7.83246455e-02	1.21891768e-03	-6.36259237e-02
4.19457713e-01	1.84886404e-02	-7.72345516e-02	1.25217485e-03	-5.74937364e-02
4.85367309e-01	2.47553829e-02	-7.59201738e-02	1.29200879e-03	-4.98727821e-02
5.55822757e-01	3.24639420e-02	-7.43764192e-02	1.33851944e-03	-4.05739578e-02
6.30753115e-01	4.18068468e-02	-7.26080558e-02	1.39155889e-03	-2.94096501e-02
7.10082934e-01	5.29842456e-02	-7.06297435e-02	1.45068384e-03	-1.61948140e-02
7.93732336e-01	6.62028601e-02	-6.84642922e-02	1.51509583e-03	-7.46336248e-04
8.81617093e-01	8.16748995e-02	-6.61391077e-02	1.58358199e-03	1.71193738e-02
9.73648712e-01	9.96169391e-02	-6.36819080e-02	1.65450296e-03	3.75895340e-02
1.06973453e+00	1.20248767e-01	-6.11170884e-02	1.72590183e-03	6.08575804e-02
1.16977778e+00	1.43792205e-01	-5.84638481e-02	1.79570802e-03	8.71240652e-02
1.27367775e+00	1.70469910e-01	-5.57363737e-02	1.86193946e-03	1.16595475e-01
1.38132981e+00	2.00504154e-01	-5.29453459e-02	1.92280746e-03	1.49481615e-01
1.49262556e+00	2.34115601e-01	-5.01000175e-02	1.97668405e-03	1.85992267e-01
1.60745294e+00	2.71522073e-01	-4.72100647e-02	2.02193405e-03	2.26333943e-01
1.72569633e+00	3.12937318e-01	-4.42868248e-02	2.05665827e-03	2.70707152e-01
1.84723666e+00	3.58569781e-01	-4.13438009e-02	2.07837917e-03	3.19304359e-01
1.97195156e+00	4.08621386e-01	-3.83964107e-02	2.08371853e-03	3.72308694e-01
2.09971545e+00	4.63286339e-01	-3.54610755e-02	2.06812522e-03	4.29893389e-01
2.23039968e+00	5.22749943e-01	-3.25537814e-02	2.02577463e-03	4.92221936e-01
2.36387266e+00	5.87187446e-01	-2.96883549e-02	1.94982709e-03	5.59448918e-01
2.50000000e+00	6.56762917e-01	-2.68747008e-02	1.83333676e-03	6.31721553e-01
2.63864463e+00	7.31628158e-01	-2.41174324e-02	1.67107736e-03	7.09181803e-01
2.77966694e+00	8.11921661e-01	-2.14155507e-02	1.46235317e-03	7.91968464e-01
2.92292493e+00	8.97767604e-01	-1.87638625e-02	1.21419686e-03	8.80217939e-01
3.06827437e+00	9.89274901e-01	-1.61568642e-02	9.43419479e-04	9.74061456e-01
3.21556889e+00	1.08653631e+00	-1.35958473e-02	6.75327490e-04	1.07361579e+00
3.36466018e+00	1.18962758e+00	-1.10991847e-02	4.37785314e-04	1.17896618e+00
3.51539812e+00	1.29860670e+00	-8.71458035e-03	2.52252895e-04	1.29014437e+00
3.66763093e+00	1.41351317e+00	-6.52993651e-03	1.26544770e-04	1.40710978e+00
3.82120532e+00	1.53436737e+00	-4.67627407e-03	5.39521319e-05	1.52974505e+00
3.97596666e+00	1.66116998e+00	-3.31321575e-03	1.89746576e-05	1.65787574e+00
4.13175911e+00	1.79390150e+00	-2.58789327e-03	5.29712988e-06	1.79131890e+00
4.28842581e+00	1.93252183e+00	-2.56680378e-03	1.11641480e-06	1.92995614e+00
4.44580900e+00	2.07696992e+00	-3.15890755e-03	1.66468082e-07	2.07381118e+00
4.60375022e+00	2.22716355e+00	-4.07095812e-03	1.61661821e-08	2.22309261e+00
4.76209042e+00	2.38299911e+00	-4.84286924e-03	9.21621760e-10	2.37815624e+00
4.92067018e+00	2.54435156e+00	-4.98073618e-03	2.71253846e-11	2.53937082e+00
5.07932982e+00	2.71107438e+00	-4.14358171e-03	3.52416970e-13	2.70693080e+00
5.23790958e+00	2.88299972e+00	-2.29271011e-03	1.67417868e-15	2.88070701e+00
5.39624978e+00	3.05993847e+00	2.77125025e-04	2.33085180e-18	3.06021560e+00
5.55419100e+00	3.24168063e+00	3.03939617e-03	7.30620839e-22	3.24472003e+00
5.71157419e+00	3.42799556e+00	5.41816640e-03	3.81631862e-26	3.43341372e+00
5.86824089e+00	3.61863244e+00	6.97320248e-03	2.35596888e-31	3.62560564e+00
6.02403334e+00	3.81332077e+00	7.52098784e-03	1.16931697e-37	3.82084176e+00
6.17879468e+00	4.01177099e+00	7.15305544e-03	3.02902242e-45	4.01892404e+00
6.33236907e+00	4.21367507e+00	6.15459049e-03	2.53800916e-54	4.21982967e+00
6.48460188e+00	4.41870737e+00	4.87164365e-03	4.10348642e-65	4.42357901e+00
6.63533982e+00	4.62652533e+00	3.59390200e-03	7.23914886e-78	4.63011923e+00
6.78443111e+00	4.83677048e+00	2.49748843e-03	7.58519028e-93	4.83926797e+00
6.93172563e+00	5.04906933e+00	1.64895124e-03	2.48845690e-110	5.05071828e+00
7.07707507e+00	5.26303441e+00	1.04121725e-03	1.32418496e-130	5.26407563e+00
7.22033306e+00	5.47826540e+00	6.31913907e-04	4.03428979e-154	5.47889731e+00
7.36135537e+00	5.69435021e+00	3.70060284e-04	8.41014354e-181	5.69472027e+00
7.50000000e+00	5.91086625e+00	2.09850933e-04	3.00220261e-211	5.91107610e+00
7.63612734e+00	6.12738162e+00	1.15626402e-04	1.21429873e-245	6.12749725e+00
7.76960032e+00	6.34345645e+00	6.21157560e-05	3.08957896e-284	6.34351857e+00
7.90028455e+00	6.55864422e+00	3.26466901e-05	0.00000000e+00	6.55867687e+00
8.02804844e+00	6.77249314e+00	1.68421282e-05	0.00000000e+00	6.77250998e+00
8.15276334e+00	6.98454752e+00	8.55564114e-06	0.00000000e+00	6.98455608e+00
8.27430367e+00	7.19434925e+00	4.29181856e-06	0.00000000e+00	7.19435354e+00
8.39254706e+00	7.40143920e+00	2.13128624e-06	0.00000000e+00	7.40144133e+00
8.50737444e+00	7.60535869e+00	1.05012105e-06	0.00000000e+00	7.60535974e+00
8.61867019e+00	7.80565100e+00	5.14166438e-07	0.00000000e+00	7.80565151e+00
8.72632225e+00	8.00186277e+00	2.50338513e-07	0.00000000e+00	8.00186302e+00
8.83022222e+00	8.19354553e+00	1.21041513e-07	0.00000000e+00	8.19354565e+00
8.93026547e+00	8.38025714e+00	5.78693878e-08	0.00000000e+00	8.38025720e+00
9.02635129e+00	8.56156323e+00	2.71001548e-08	0.00000000e+00	8.56156325e+00
9.11838291e+00	8.73703864e+00	1.21903584e-08	0.00000000e+00	8.73703866e+00
9.20626766e+00	8.90626884e+00	5.05134841e-09	0.00000000e+00	8.90626885e+00
9.28991707e+00	9.06885127e+00	1.74508640e-09	0.00000000e+00	9.06885127e+00
9.36924689e+00	9.22439670e+00	3.72878024e-10	0.00000000e+00	9.22439670e+00
9.44417724e+00	9.37253053e+00	3.48641941e-12	0.00000000e+00	9.37253053e+00
9.51463269e+00	9.51289405e+00	0.00000000e+00	0.00000000e+00	9.51289405e+00
9.58054229e+00	9.64514564e+00	0.00000000e+00	0.00000000e+00	9.64514564e+00
9.64183967e+00	9.76896191e+00	0.00000000e+00	0.00000000e+00	9.76896191e+00
9.69846310e+00	9.88403880e+00	0.00000000e+00	0.00000000e+00	9.88403880e+00
9.75035559e+00	9.99009261e+00	0.00000000e+00	0.00000000e+00	9.99009261e+00
9.79746487e+00	1.00868610e+01	0.00000000e+00	0.00000000e+00	1.00868610e+01
9.83974351e+00	1.01741037e+01	0.00000000e+00	0.00000000e+00	1.01741037e+01
9.87714893e+00	1.02516037e+01	0.00000000e+00	0.00000000e+00	1.02516037e+01
9.90964349e+00	1.03191676e+01	0.00000000e+00	0.00000000e+00	1.03191676e+01
9.93719444e+00	1.03766264e+01	0.00000000e+00	0.00000000e+00	1.03766264e+01
9.95977406e+00	1.04238362e+01	0.00000000e+00	0.00000000e+00	1.04238362e+01
9.97735961e+00	1.04606786e+01	0.00000000e+00	0.00000000e+00	1.04606786e+01
9.98993338e+00	1.04870609e+01	0.00000000e+00	0.00000000e+00	1.04870609e+01
9.99748271e+00	1.05029169e+01	0.00000000e+00	0.00000000e+00	1.05029169e+01
1.00000000e+01	1.05082067e+01	0.00000000e+00	0.00000000e+00	1.05082067e+01
