0.00000000e+00	0.00000000e+00	-1.54119596e-01	5.45213306e-03	-1.48667463e-01
2.51728808e-03	6.65877661e-07	-1.54119358e-01	5.45214394e-03	-1.48666549e-01
1.00666176e-02	1.06486794e-05	-1.54115805e-01	5.45230384e-03	-1.48652853e-01
2.26403871e-02	5.38637149e-05	-1.54100438e-01	5.45299415e-03	-1.48593580e-01
4.02259358e-02	1.70036015e-04	-1.54059141e-01	5.45484650e-03	-1.48434258e-01
6.28055566e-02	4.14500199e-04	-1.53972277e-01	5.45874299e-03	-1.48099034e-01
9.03565137e-02	8.57921471e-04	-1.53814885e-01	5.46580281e-03	-1.47491161e-01
1.22851066e-01	1.58593893e-03	-1.53556951e-01	5.47737188e-03	-1.46493641e-01
1.60256493e-01	2.69873272e-03	-1.53163839e-01	5.49500409e-03	-1.44970102e-01
2.02535132e-01	4.31051678e-03	-1.52596905e-01	5.52043505e-03	-1.42765954e-01
2.49644411e-01	6.54895946e-03	-1.51814412e-01	5.55553286e-03	-1.39709920e-01
3.01536896e-01	9.55453434e-03	-1.50772731e-01	5.60224417e-03	-1.35615953e-01
3.58160335e-01	1.34798041e-02	-1.49428028e-01	5.66250217e-03	-1.30285722e-01
4.19457713e-01	1.84886404e-02	-1.47738386e-01	5.73812046e-03	-1.23511625e-01
4.85367309e-01	2.47553829e-02	-1.45666565e-01	5.83065585e-03	-1.15080526e-01
5.55822757e-01	3.24639420e-02	-1.43183241e-01	5.94127680e-03	-1.04778022e-01
6.30753115e-01	4.18068468e-02	-1.40270663e-01	6.07062854e-03	-9.23931872e-02
7.10082934e-01	5.29842456e-02	-1.36926016e-01	6.21874744e-03	-7.77230232e-02
7.93732336e-01	6.62028601e-02	-1.33163532e-01	6.38496609e-03	-6.05757063e-02
8.81617093e-01	8.16748995e-02	-1.29014260e-01	6.56774607e-03	-4.07716143e-02
9.73648712e-01	9.96169391e-02	-1.24522426e-01	6.76436407e-03	-1.81411224e-02
1.06973453e+00	1.20248767e-01	-1.19738961e-01	6.97052604e-03	7.48033227e-03
1.16977778e+00	1.43792205e-01	-1.14714346e-01	7.18020455e-03	3.62580641e-02
1.27367775e+00	1.70469910e-01	-1.09493305e-01	7.38592046e-03	6.83625247e-02
1.38132981e+00	2.00504154e-01	-1.04112972e-01	7.57927302e-03	1.03970455e-01
1.49262556e+00	2.34115601e-01	-9.86041688e-02	7.75134114e-03	1.43262773e-01
1.60745294e+00	2.71522073e-01	-9.29942395e-02	7.89262651e-03	1.86420460e-01
1.72569633e+00	3.12937318e-01	-8.73098496e-02	7.99249851e-03	2.33619967e-01
1.84723666e+00	3.58569781e-01	-8.15787048e-02	8.03826340e-03	2.85029339e-01
1.97195156e+00	4.08621386e-01	-7.58298692e-02	8.01421870e-03	3.40805735e-01
2.09971545e+00	4.63286339e-01	-7.00927515e-02	7.90109772e-03	4.01094685e-01
2.23039968e+00	5.22749943e-01	-6.43951001e-02	7.67645956e-03	4.66031302e-01
2.36387266e+00	5.87187446e-01	-5.87604627e-02	7.31686249e-03	5.35743846e-01
2.50000000e+00	6.56762917e-01	-5.32057872e-02	6.80256347e-03	6.10359693e-01
2.63864463e+00	7.31628158e-01	-4.77402717e-02	6.12505937e-03	6.90012946e-01
2.77966694e+00	8.11921661e-01	-4.23663831e-02	5.29633566e-03	7.74851614e-01
2.92292493e+00	8.97767604e-01	-3.70844155e-02	4.35628853e-03	8.65039477e-01
3.06827437e+00	9.89274901e-01	-3.19017278e-02	3.37303621e-03	9.60746209e-01
3.21556889e+00	1.08653631e+00	-2.68470285e-02	2.43186278e-03	1.06212114e+00
3.36466018e+00	1.18962758e+00	-2.19883912e-02	1.61402435e-03	1.16925321e+00
3.51539812e+00	1.29860670e+00	-1.74506467e-02	9.74082556e-04	1.28213013e+00
3.66763093e+00	1.41351317e+00	-1.34231153e-02	5.27057814e-04	1.40061711e+00
3.82120532e+00	1.53436737e+00	-1.01445080e-02	2.51243624e-04	1.52447410e+00
3.97596666e+00	1.66116998e+00	-7.85147135e-03	1.03140089e-04	1.65342165e+00
4.13175911e+00	1.79390150e+00	-6.68841181e-03	3.53868077e-05	1.78724847e+00
4.28842581e+00	1.93252183e+00	-6.60040448e-03	9.75668893e-06	1.92593118e+00
4.44580900e+00	2.07696992e+00	-7.26142625e-03	2.05486429e-06	2.06971055e+00
4.60375022e+00	2.22716355e+00	-8.09919999e-03	3.09847983e-07	2.21906466e+00
4.76209042e+00	2.38299911e+00	-8.44153633e-03	3.08245867e-08	2.37455761e+00
4.92067018e+00	2.54435156e+00	-7.73413999e-03	1.82715536e-09	2.53661742e+00
5.07932982e+00	2.71107438e+00	-5.72586861e-03	5.69223191e-11	2.70534852e+00
5.23790958e+00	2.88299972e+00	-2.53507134e-03	8.00306980e-13	2.88046464e+00
5.39624978e+00	3.05993847e+00	1.41090032e-03	4.23173917e-15	3.06134937e+00
5.55419100e+00	3.24168063e+00	5.50659756e-03	6.79471296e-18	3.24718723e+00
5.71157419e+00	3.42799556e+00	9.11405733e-03	2.59181455e-21	3.43710962e+00
5.86824089e+00	3.61863244e+00	1.16987062e-02	1.74423022e-25	3.63033114e+00
6.02403334e+00	3.81332077e+00	1.29449878e-02	1.50441254e-30	3.82626576e+00
6.17879468e+00	4.01177099e+00	1.28256474e-02	1.15269838e-36	4.02459663e+00
6.33236907e+00	4.21367507e+00	1.15907444e-02	5.21756316e-44	4.22526582e+00
6.48460188e+00	4.41870737e+00	9.66766685e-03	8.88453656e-53	4.42837503e+00
6.63533982e+00	4.62652533e+00	7.51374768e-03	3.50817715e-63	4.63403908e+00
6.78443111e+00	4.83677048e+00	5.48945745e-03	1.84964632e-75	4.84225994e+00
6.93172563e+00	5.04906933e+00	3.80069663e-03	7.52669826e-90	5.05287002e+00
7.07707507e+00	5.26303441e+00	2.51151590e-03	1.32132587e-106	5.26554593e+00
7.22033306e+00	5.47826540e+00	1.59315196e-03	5.47987521e-126	5.47985855e+00
7.36135537e+00	5.69435021e+00	9.74532666e-04	2.92864604e-148	5.69532475e+00
7.50000000e+00	5.91086625e+00	5.76980579e-04	7.19133132e-174	5.91144323e+00
7.63612734e+00	6.12738162e+00	3.31733388e-04	9.50625486e-203	6.12771335e+00
7.76960032e+00	6.34345645e+00	1.85814673e-04	2.90472763e-235	6.34364227e+00
7.90028455e+00	6.55864422e+00	1.01732943e-04	1.26141849e-271	6.55874596e+00
8.02804844e+00	6.77249314e+00	5.46216728e-05	0.00000000e+00	6.77254776e+00
8.15276334e+00	6.98454752e+00	2.88519572e-05	0.00000000e+00	6.98457637e+00
8.27430367e+00	7.19434925e+00	1.50400482e-05	0.00000000e+00	7.19436429e+00
8.39254706e+00	7.40143920e+00	7.75936733e-06	0.00000000e+00	7.40144695e+00
8.50737444e+00	7.60535869e+00	3.97260113e-06	0.00000000e+00	7.60536266e+00
8.61867019e+00	7.80565100e+00	2.02307551e-06	0.00000000e+00	7.80565302e+00
8.72632225e+00	8.00186277e+00	1.02683944e-06	0.00000000e+00	8.00186379e+00
8.83022222e+00	8.19354553e+00	5.20178491e-07	0.00000000e+00	8.19354605e+00
8.93026547e+00	8.38025714e+00	2.63115627e-07	0.00000000e+00	8.38025740e+00
9.02635129e+00	8.56156323e+00	1.32742268e-07	0.00000000e+00	8.56156336e+00
9.11838291e+00	8.73703864e+00	6.65135505e-08	0.00000000e+00	8.73703871e+00
9.20626766e+00	8.90626884e+00	3.28679988e-08	0.00000000e+00	8.90626887e+00
9.28991707e+00	9.06885127e+00	1.57804018e-08	0.00000000e+00	9.06885128e+00
9.36924689e+00	9.22439670e+00	7.15783811e-09	0.00000000e+00	9.22439670e+00
9.44417724e+00	9.37253053e+00	2.88320751e-09	0.00000000e+00	9.37253053e+00
9.51463269e+00	9.51289405e+00	8.90995215e-10	0.00000000e+00	9.51289405e+00
9.58054229e+00	9.64514564e+00	1.25082755e-10	0.00000000e+00	9.64514564e+00
9.64183967e+00	9.76896191e+00	0.00000000e+00	0.00000000e+00	9.76896191e+00
9.69846310e+00	9.88403880e+00	0.00000000e+00	0.00000000e+00	9.88403880e+00
9.75035559e+00	9.99009261e+00	0.00000000e+00	0.00000000e+00	9.99009261e+00
9.79746487e+00	1.00868610e+01	0.00000000e+00	0.00000000e+00	1.00868610e+01
9.83974351e+00	1.01741037e+01	0.00000000e+00	0.00000000e+00	1.01741037e+01
9.87714893e+00	1.02516037e+01	0.00000000e+00	0.00000000e+00	1.02516037e+01
9.90964349e+00	1.03191676e+01	0.00000000e+00	0.00000000e+00	1.03191676e+01
9.93719444e+00	1.03766264e+01	0.00000000e+00	0.00000000e+00	1.03766264e+01
9.95977406e+00	1.04238362e+01	0.00000000e+00	0.00000000e+00	1.04238362e+01
9.97735961e+00	1.04606786e+01	0.00000000e+00	0.00000000e+00	1.04606786e+01
9.98993338e+00	1.04870609e+01	0.00000000e+00	0.00000000e+00	1.04870609e+01
9.99748271e+00	1.05029169e+01	0.00000000e+00	0.00000000e+00	1.05029169e+01
1.00000000e+01	1.05082067e+01	0.00000000e+00	0.00000000e+00	1.05082067e+01
