0.00000000e+00	0.00000000e+00	-2.55080293e-01	1.89470253e-02	-2.36133268e-01
2.51728808e-03	6.65877661e-07	-2.55079969e-01	1.89470417e-02	-2.36132262e-01
1.00666176e-02	1.06486794e-05	-2.55075121e-01	1.89472783e-02	-2.36117194e-01
2.26403871e-02	5.38637149e-05	-2.55054156e-01	1.89482960e-02	-2.36051997e-01
4.02259358e-02	1.70036015e-04	-2.54997809e-01	1.89510271e-02	-2.35876746e-01
6.28055566e-02	4.14500199e-04	-2.54879267e-01	1.89567725e-02	-2.35507994e-01
9.03565137e-02	8.57921471e-04	-2.54664381e-01	1.89672002e-02	-2.34839260e-01
1.22851066e-01	1.58593893e-03	-2.54311966e-01	1.89843430e-02	-2.33741684e-01
1.60256493e-01	2.69873272e-03	-2.53774160e-01	1.90106045e-02	-2.32064823e-01
2.02535132e-01	4.31051678e-03	-2.52997134e-01	1.90487659e-02	-2.29637852e-01
2.49644411e-01	6.54895946e-03	-2.51921811e-01	1.91019874e-02	-2.26270864e-01
3.01536896e-01	9.55453434e-03	-2.50485044e-01	1.91738032e-02	-2.21756707e-01
3.58160335e-01	1.34798041e-02	-2.48621081e-01	1.92680927e-02	-2.15873185e-01
4.19457713e-01	1.84886404e-02	-2.46263442e-01	1.93889764e-02	-2.08385825e-01
4.85367309e-01	2.47553829e-02	-2.43347632e-01	1.95406683e-02	-1.99051581e-01
5.55822757e-01	3.24639420e-02	-2.39814276e-01	1.97271935e-02	-1.87623141e-01
6.30753115e-01	4.18068468e-02	-2.35613303e-01	1.99519920e-02	-1.73854464e-01
7.10082934e-01	5.29842456e-02	-2.30708984e-01	2.02174832e-02	-1.57507255e-01
7.93732336e-01	6.62028601e-02	-2.25085266e-01	2.05245871e-02	-1.38357819e-01
8.81617093e-01	8.16748995e-02	-2.18750750e-01	2.08723955e-02	-1.16203455e-01
9.73648712e-01	9.96169391e-02	-2.11741518e-01	2.12576901e-02	-9.08668891e-02
1.06973453e+00	1.20248767e-01	-2.04119410e-01	2.16741392e-02	-6.21965043e-02
1.16977778e+00	1.43792205e-01	-1.95965247e-01	2.21108792e-02	-3.00621631e-02
1.27367775e+00	1.70469910e-01	-1.87367817e-01	2.25510042e-02	5.65309682e-03
1.38132981e+00	2.00504154e-01	-1.78413206e-01	2.29707883e-02	4.50617361e-02
1.49262556e+00	2.34115601e-01	-1.69178131e-01	2.33400544e-02	8.82775240e-02
1.60745294e+00	2.71522073e-01	-1.59728738e-01	2.36230408e-02	1.35416377e-01
1.72569633e+00	3.12937318e-01	-1.50122878e-01	2.37786686e-02	1.86593109e-01
1.84723666e+00	3.58569781e-01	-1.40413286e-01	2.37599134e-02	2.41916408e-01
1.97195156e+00	4.08621386e-01	-1.30649556e-01	2.35131889e-02	3.01485019e-01
2.09971545e+00	4.63286339e-01	-1.20878282e-01	2.29790875e-02	3.65387144e-01
2.23039968e+00	5.22749943e-01	-1.11141455e-01	2.20968542e-02	4.33705342e-01
2.36387266e+00	5.87187446e-01	-1.01474312e-01	2.08139482e-02	5.06527082e-01
2.50000000e+00	6.56762917e-01	-9.19039638e-02	1.91018066e-02	5.83960759e-01
2.63864463e+00	7.31628158e-01	-8.24502620e-02	1.69754146e-02	6.66153311e-01
2.77966694e+00	8.11921661e-01	-7.31308439e-02	1.45101628e-02	7.53300980e-01
2.92292493e+00	8.97767604e-01	-6.39720543e-02	1.18462321e-02	8.45641782e-01
3.06827437e+00	9.89274901e-01	-5.50263481e-02	9.17205353e-03	9.43420606e-01
3.21556889e+00	1.08653631e+00	-4.63949171e-02	6.68716040e-03	1.04682855e+00
3.36466018e+00	1.18962758e+00	-3.82499680e-02	4.55697623e-03	1.15593459e+00
3.51539812e+00	1.29860670e+00	-3.08455727e-02	2.87812575e-03	1.27063925e+00
3.66763093e+00	1.41351317e+00	-2.45005423e-02	1.66731063e-03	1.39067994e+00
3.82120532e+00	1.53436737e+00	-1.95361082e-02	8.73997031e-04	1.51570526e+00
3.97596666e+00	1.66116998e+00	-1.61656144e-02	4.07216381e-04	1.64541158e+00
4.13175911e+00	1.79390150e+00	-1.43631881e-02	1.64729862e-04	1.77970304e+00
4.28842581e+00	1.93252183e+00	-1.37746962e-02	5.61193913e-05	1.91880325e+00
4.44580900e+00	2.07696992e+00	-1.37441734e-02	1.54800973e-05	2.06324123e+00
4.60375022e+00	2.22716355e+00	-1.34824634e-02	3.28797541e-06	2.21368437e+00
4.76209042e+00	2.38299911e+00	-1.23131704e-02	5.04552631e-07	2.37068644e+00
4.92067018e+00	2.54435156e+00	-9.87241415e-03	5.16344453e-08	2.53447920e+00
5.07932982e+00	2.71107438e+00	-6.16642873e-03	3.19020524e-09	2.70490796e+00
5.23790958e+00	2.88299972e+00	-1.49383713e-03	1.05343161e-10	2.88150588e+00
5.39624978e+00	3.05993847e+00	3.68190657e-03	1.60379557e-12	3.06362038e+00
5.55419100e+00	3.24168063e+00	8.83335430e-03	9.44116592e-15	3.25051399e+00
5.71157419e+00	3.42799556e+00	1.34274370e-02	1.74582259e-17	3.44142300e+00
5.86824089e+00	3.61863244e+00	1.69722742e-02	8.16522415e-21	3.63560471e+00
6.02403334e+00	3.81332077e+00	1.90853906e-02	7.11674862e-25	3.83240616e+00
6.17879468e+00	4.01177099e+00	1.95819293e-02	8.62275907e-30	4.03135291e+00
6.33236907e+00	4.21367507e+00	1.85437595e-02	1.02359217e-35	4.23221883e+00
6.48460188e+00	4.41870737e+00	1.63159279e-02	8.07797161e-43	4.43502329e+00
6.63533982e+00	4.62652533e+00	1.34105660e-02	2.80131413e-51	4.63993590e+00
6.78443111e+00	4.83677048e+00	1.03557010e-02	2.65269264e-61	4.84712618e+00
6.93172563e+00	5.04906933e+00	7.56057616e-03	4.20012087e-73	5.05662990e+00
7.07707507e+00	5.26303441e+00	5.25315175e-03	6.68465449e-87	5.26828756e+00
7.22033306e+00	5.47826540e+00	3.49508650e-03	6.28044390e-103	5.48176049e+00
7.36135537e+00	5.69435021e+00	2.23856662e-03	2.05599304e-121	5.69658878e+00
7.50000000e+00	5.91086625e+00	1.38622041e-03	1.37591580e-142	5.91225247e+00
7.63612734e+00	6.12738162e+00	8.32924282e-04	5.49090710e-167	6.12821454e+00
7.76960032e+00	6.34345645e+00	4.87172576e-04	2.68996530e-194	6.34394362e+00
7.90028455e+00	6.55864422e+00	2.78239864e-04	6.14066740e-225	6.55892246e+00
8.02804844e+00	6.77249314e+00	1.55667396e-04	4.41500447e-259	6.77264880e+00
8.15276334e+00	6.98454752e+00	8.55865269e-05	7.23861430e-297	6.98463311e+00
8.27430367e+00	7.19434925e+00	4.63905780e-05	0.00000000e+00	7.19439564e+00
8.39254706e+00	7.40143920e+00	2.48660990e-05	0.00000000e+00	7.40146406e+00
8.50737444e+00	7.60535869e+00	1.32192480e-05	0.00000000e+00	7.60537191e+00
8.61867019e+00	7.80565100e+00	6.98930044e-06	0.00000000e+00	7.80565799e+00
8.72632225e+00	8.00186277e+00	3.68435976e-06	0.00000000e+00	8.00186645e+00
8.83022222e+00	8.19354553e+00	1.94087784e-06	0.00000000e+00	8.19354747e+00
8.93026547e+00	8.38025714e+00	1.02356670e-06	0.00000000e+00	8.38025816e+00
9.02635129e+00	8.56156323e+00	5.41186518e-07	0.00000000e+00	8.56156377e+00
9.11838291e+00	8.73703864e+00	2.87068473e-07	0.00000000e+00	8.73703893e+00
9.20626766e+00	8.90626884e+00	1.52637609e-07	0.00000000e+00	8.90626899e+00
9.28991707e+00	9.06885127e+00	8.11733404e-08	0.00000000e+00	9.06885135e+00
9.36924689e+00	9.22439670e+00	4.29696725e-08	0.00000000e+00	9.22439674e+00
9.44417724e+00	9.37253053e+00	2.24504401e-08	0.00000000e+00	9.37253055e+00
9.51463269e+00	9.51289405e+00	1.14172014e-08	0.00000000e+00	9.51289406e+00
9.58054229e+00	9.64514564e+00	5.49274322e-09	0.00000000e+00	9.64514565e+00
9.64183967e+00	9.76896191e+00	2.37437632e-09	0.00000000e+00	9.76896191e+00
9.69846310e+00	9.88403880e+00	8.25417476e-10	0.00000000e+00	9.88403880e+00
9.75035559e+00	9.99009261e+00	1.65553709e-10	0.00000000e+00	9.99009261e+00
9.79746487e+00	1.00868610e+01	7.75385754e-14	0.00000000e+00	1.00868610e+01
9.83974351e+00	1.01741037e+01	0.00000000e+00	0.00000000e+00	1.01741037e+01
9.87714893e+00	1.02516037e+01	0.00000000e+00	0.00000000e+00	1.02516037e+01
9.90964349e+00	1.03191676e+01	0.00000000e+00	0.00000000e+00	1.03191676e+01
9.93719444e+00	1.03766264e+01	0.00000000e+00	0.00000000e+00	1.03766264e+01
9.95977406e+00	1.04238362e+01	0.00000000e+00	0.00000000e+00	1.04238362e+01
9.97735961e+00	1.04606786e+01	0.00000000e+00	0.00000000e+00	1.04606786e+01
9.98993338e+00	1.04870609e+01	0.00000000e+00	0.00000000e+00	1.04870609e+01
9.99748271e+00	1.05029169e+01	0.00000000e+00	0.00000000e+00	1.05029169e+01
1.00000000e+01	1.05082067e+01	0.00000000e+00	0.00000000e+00	1.05082067e+01
