0.00000000e+00	0.00000000e+00	-5.28695905e-01	1.46104571e-01	-3.82591334e-01
2.51728808e-03	6.65877661e-07	-5.28695398e-01	1.46104575e-01	-3.82590158e-01
1.00666176e-02	1.06486794e-05	-5.28687818e-01	1.46104549e-01	-3.82572620e-01
2.26403871e-02	5.38637149e-05	-5.28655042e-01	1.46104379e-01	-3.82496800e-01
4.02259358e-02	1.70036015e-04	-5.28566955e-01	1.46103906e-01	-3.82293012e-01
6.28055566e-02	4.14500199e-04	-5.28381594e-01	1.46102881e-01	-3.81864212e-01
9.03565137e-02	8.57921471e-04	-5.28045473e-01	1.46101046e-01	-3.81086505e-01
1.22851066e-01	1.58593893e-03	-5.27493980e-01	1.46098256e-01	-3.79809785e-01
1.60256493e-01	2.69873272e-03	-5.26651659e-01	1.46094457e-01	-3.77858469e-01
2.02535132e-01	4.31051678e-03	-5.25433266e-01	1.46090040e-01	-3.75032709e-01
2.49644411e-01	6.54895946e-03	-5.23744359e-01	1.46086056e-01	-3.71109344e-01
3.01536896e-01	9.55453434e-03	-5.21482472e-01	1.46084515e-01	-3.65843424e-01
3.58160335e-01	1.34798041e-02	-5.18538617e-01	1.46088801e-01	-3.58970011e-01
4.19457713e-01	1.84886404e-02	-5.14798911e-01	1.46104022e-01	-3.50206249e-01
4.85367309e-01	2.47553829e-02	-5.10146824e-01	1.46137293e-01	-3.39254149e-01
5.55822757e-01	3.24639420e-02	-5.04465782e-01	1.46197573e-01	-3.25804267e-01
6.30753115e-01	4.18068468e-02	-4.97642259e-01	1.46295123e-01	-3.09540289e-01
7.10082934e-01	5.29842456e-02	-4.89570145e-01	1.46440085e-01	-2.90145814e-01
7.93732336e-01	6.62028601e-02	-4.80155347e-01	1.46639821e-01	-2.67312666e-01
8.81617093e-01	8.16748995e-02	-4.69322144e-01	1.46894967e-01	-2.40752278e-01
9.73648712e-01	9.96169391e-02	-4.57020626e-01	1.47194014e-01	-2.10209673e-01
1.06973453e+00	1.20248767e-01	-4.43235803e-01	1.47506885e-01	-1.75480151e-01
1.16977778e+00	1.43792205e-01	-4.27996722e-01	1.47778652e-01	-1.36425865e-01
1.27367775e+00	1.70469910e-01	-4.11383693e-01	1.47923275e-01	-9.29905079e-02
1.38132981e+00	2.00504154e-01	-3.93528640e-01	1.47817487e-01	-4.52069994e-02
1.49262556e+00	2.34115601e-01	-3.74604329e-01	1.47293421e-01	6.80469294e-03
1.60745294e+00	2.71522073e-01	-3.54801861e-01	1.46131044e-01	6.28512561e-02
1.72569633e+00	3.12937318e-01	-3.34304413e-01	1.44059025e-01	1.22691931e-01
1.84723666e+00	3.58569781e-01	-3.13267234e-01	1.40772358e-01	1.86074904e-01
1.97195156e+00	4.08621386e-01	-2.91810603e-01	1.35970237e-01	2.52781020e-01
2.09971545e+00	4.63286339e-01	-2.70023253e-01	1.29407729e-01	3.22670815e-01
2.23039968e+00	5.22749943e-01	-2.47971515e-01	1.20955248e-01	3.95733675e-01
2.36387266e+00	5.87187446e-01	-2.25711376e-01	1.10654754e-01	4.72130825e-01
2.50000000e+00	6.56762917e-01	-2.03303964e-01	9.87572482e-02	5.52216201e-01
2.63864463e+00	7.31628158e-01	-1.80835634e-01	8.57206055e-02	6.36513130e-01
2.77966694e+00	8.11921661e-01	-1.58444611e-01	7.21599319e-02	7.25636983e-01
2.92292493e+00	8.97767604e-01	-1.36351340e-01	5.87561921e-02	8.20172456e-01
3.06827437e+00	9.89274901e-01	-1.14886677e-01	4.61514169e-02	9.20539641e-01
3.21556889e+00	1.08653631e+00	-9.45044068e-02	3.48613708e-02	1.02689327e+00
3.36466018e+00	1.18962758e+00	-7.57594486e-02	2.52258952e-02	1.13909402e+00
3.51539812e+00	1.29860670e+00	-5.92347241e-02	1.73981412e-02	1.25677012e+00
3.66763093e+00	1.41351317e+00	-4.54144681e-02	1.13625656e-02	1.37946127e+00
3.82120532e+00	1.53436737e+00	-3.45292282e-02	6.96798990e-03	1.50680613e+00
3.97596666e+00	1.66116998e+00	-2.64369895e-02	3.96940407e-03	1.63870239e+00
4.13175911e+00	1.79390150e+00	-2.06150755e-02	2.07185037e-03	1.77535827e+00
4.28842581e+00	1.93252183e+00	-1.63029894e-02	9.73674249e-04	1.91719251e+00
4.44580900e+00	2.07696992e+00	-1.27423307e-02	4.02897052e-04	2.06463049e+00
4.60375022e+00	2.22716355e+00	-9.39647110e-03	1.42676235e-04	2.21790975e+00
4.76209042e+00	2.38299911e+00	-6.03535093e-03	4.17012474e-05	2.37700546e+00
4.92067018e+00	2.54435156e+00	-2.67050962e-03	9.60834801e-06	2.54169066e+00
5.07932982e+00	2.71107438e+00	5.86204902e-04	1.64700885e-06	2.71166224e+00
5.23790958e+00	2.88299972e+00	3.64315853e-03	1.95356848e-07	2.88664307e+00
5.39624978e+00	3.05993847e+00	6.48384120e-03	1.46612867e-08	3.06642233e+00
5.55419100e+00	3.24168063e+00	9.15687836e-03	6.24085033e-10	3.25083751e+00
5.71157419e+00	3.42799556e+00	1.17257013e-02	1.32064167e-11	3.43972126e+00
5.86824089e+00	3.61863244e+00	1.42047016e-02	1.18856071e-13	3.63283714e+00
6.02403334e+00	3.81332077e+00	1.65101703e-02	3.78792856e-16	3.82983094e+00
6.17879468e+00	4.01177099e+00	1.84459644e-02	3.67597764e-19	4.03021695e+00
6.33236907e+00	4.21367507e+00	1.97409895e-02	7.87546460e-23	4.23341606e+00
6.48460188e+00	4.41870737e+00	2.01343150e-02	2.94952041e-27	4.43884168e+00
6.63533982e+00	4.62652533e+00	1.94789292e-02	1.43122132e-32	4.64600426e+00
6.78443111e+00	4.83677048e+00	1.78186540e-02	6.42115633e-39	4.85458913e+00
6.93172563e+00	5.04906933e+00	1.53951898e-02	1.87218687e-46	5.06446452e+00
7.07707507e+00	5.26303441e+00	1.25772593e-02	2.39086467e-55	5.27561167e+00
7.22033306e+00	5.47826540e+00	9.74680341e-03	8.86473884e-66	5.48801220e+00
7.36135537e+00	5.69435021e+00	7.19904298e-03	6.67084438e-78	5.70154926e+00
7.50000000e+00	5.91086625e+00	5.09602152e-03	6.33287382e-92	5.91596227e+00
7.63612734e+00	6.12738162e+00	3.47650030e-03	5.50421276e-108	6.13085812e+00
7.76960032e+00	6.34345645e+00	2.29710763e-03	2.88271387e-126	6.34575356e+00
7.90028455e+00	6.55864422e+00	1.47635327e-03	5.98671041e-147	6.56012058e+00
8.02804844e+00	6.77249314e+00	9.26249864e-04	6.53520385e-171	6.77341939e+00
8.15276334e+00	6.98454752e+00	5.69068340e-04	6.04095434e-197	6.98511659e+00
8.27430367e+00	7.19434925e+00	3.43386627e-04	9.58034501e-226	7.19469263e+00
8.39254706e+00	7.40143920e+00	2.04100066e-04	2.23939962e-257	7.40164330e+00
8.50737444e+00	7.60535869e+00	1.19837035e-04	7.19259299e-292	7.60547853e+00
8.61867019e+00	7.80565100e+00	6.97079508e-05	0.00000000e+00	7.80572071e+00
8.72632225e+00	8.00186277e+00	4.02869367e-05	0.00000000e+00	8.00190305e+00
8.83022222e+00	8.19354553e+00	2.32001851e-05	0.00000000e+00	8.19356873e+00
8.93026547e+00	8.38025714e+00	1.33505723e-05	0.00000000e+00	8.38027049e+00
9.02635129e+00	8.56156323e+00	7.69894655e-06	0.00000000e+00	8.56157093e+00
9.11838291e+00	8.73703864e+00	4.46160564e-06	0.00000000e+00	8.73704311e+00
9.20626766e+00	8.90626884e+00	2.60553474e-06	0.00000000e+00	8.90627145e+00
9.28991707e+00	9.06885127e+00	1.53753072e-06	0.00000000e+00	9.06885281e+00
9.36924689e+00	9.22439670e+00	9.19280363e-07	0.00000000e+00	9.22439762e+00
9.44417724e+00	9.37253053e+00	5.58345460e-07	0.00000000e+00	9.37253109e+00
9.51463269e+00	9.51289405e+00	3.45376103e-07	0.00000000e+00	9.51289440e+00
9.58054229e+00	9.64514564e+00	2.18123446e-07	0.00000000e+00	9.64514586e+00
9.64183967e+00	9.76896191e+00	1.40984987e-07	0.00000000e+00	9.76896205e+00
9.69846310e+00	9.88403880e+00	9.34753677e-08	0.00000000e+00	9.88403889e+00
9.75035559e+00	9.99009261e+00	6.37139163e-08	0.00000000e+00	9.99009268e+00
9.79746487e+00	1.00868610e+01	4.47392075e-08	0.00000000e+00	1.00868610e+01
9.83974351e+00	1.01741037e+01	3.24258218e-08	0.00000000e+00	1.01741038e+01
9.87714893e+00	1.02516037e+01	2.42997698e-08	0.00000000e+00	1.02516038e+01
9.90964349e+00	1.03191676e+01	1.88598944e-08	0.00000000e+00	1.03191676e+01
9.93719444e+00	1.03766264e+01	1.51812056e-08	0.00000000e+00	1.03766264e+01
9.95977406e+00	1.04238362e+01	1.26899642e-08	0.00000000e+00	1.04238362e+01
9.97735961e+00	1.04606786e+01	1.10266608e-08	0.00000000e+00	1.04606786e+01
9.98993338e+00	1.04870609e+01	9.96767421e-09	0.00000000e+00	1.04870609e+01
9.99748271e+00	1.05029169e+01	9.37943949e-09	0.00000000e+00	1.05029169e+01
1.00000000e+01	1.05082067e+01	9.19091887e-09	0.00000000e+00	1.05082067e+01
