0.00000000e+00	0.00000000e+00	-4.38263292e-02	6.35520540e-04	-4.31908087e-02
2.51728808e-03	6.65877661e-07	-4.38262755e-02	6.35525767e-04	-4.31900839e-02
1.00666176e-02	1.06486794e-05	-4.38254719e-02	6.35605553e-04	-4.31792177e-02
2.26403871e-02	5.38637149e-05	-4.38219967e-02	6.35952121e-04	-4.31321809e-02
4.02259358e-02	1.70036015e-04	-4.38126584e-02	6.36884835e-04	-4.30057375e-02
6.28055566e-02	4.14500199e-04	-4.37930098e-02	6.38841966e-04	-4.27396677e-02
9.03565137e-02	8.57921471e-04	-4.37574079e-02	6.42372795e-04	-4.22571136e-02
1.22851066e-01	1.58593893e-03	-4.36990489e-02	6.48114188e-04	-4.14649958e-02
1.60256493e-01	2.69873272e-03	-4.36100899e-02	6.56756652e-04	-4.02546005e-02
2.02535132e-01	4.31051678e-03	-4.34817622e-02	6.68990855e-04	-3.85022545e-02
2.49644411e-01	6.54895946e-03	-4.33045978e-02	6.85435445e-04	-3.60702029e-02
3.01536896e-01	9.55453434e-03	-4.30686817e-02	7.06549046e-04	-3.28075983e-02
3.58160335e-01	1.34798041e-02	-4.27640769e-02	7.32522711e-04	-2.85517501e-02
4.19457713e-01	1.84886404e-02	-4.23813230e-02	7.63187077e-04	-2.31294956e-02
4.85367309e-01	2.47553829e-02	-4.19121466e-02	7.97930643e-04	-1.63588331e-02
5.55822757e-01	3.24639420e-02	-4.13503245e-02	8.35686615e-04	-8.05069590e-03
6.30753115e-01	4.18068468e-02	-4.06926397e-02	8.75003116e-04	1.98921019e-03
7.10082934e-01	5.29842456e-02	-3.99397879e-02	9.14217987e-04	1.39586757e-02
7.93732336e-01	6.62028601e-02	-3.90968877e-02	9.51720034e-04	2.80576925e-02
8.81617093e-01	8.16748995e-02	-3.81731399e-02	9.86222187e-04	4.44879818e-02
9.73648712e-01	9.96169391e-02	-3.71804352e-02	1.01693829e-03	6.34534422e-02
1.06973453e+00	1.20248767e-01	-3.61310205e-02	1.04358765e-03	8.51613342e-02
1.16977778e+00	1.43792205e-01	-3.50350468e-02	1.06626754e-03	1.09823426e-01
1.27367775e+00	1.70469910e-01	-3.38989559e-02	1.08526488e-03	1.37656219e-01
1.38132981e+00	2.00504154e-01	-3.27252305e-02	1.10092256e-03	1.68879846e-01
1.49262556e+00	2.34115601e-01	-3.15133205e-02	1.11355903e-03	2.03715839e-01
1.60745294e+00	2.71522073e-01	-3.02612104e-02	1.12342537e-03	2.42384288e-01
1.72569633e+00	3.12937318e-01	-2.89670177e-02	1.13067755e-03	2.85100978e-01
1.84723666e+00	3.58569781e-01	-2.76302250e-02	1.13534516e-03	3.32074901e-01
1.97195156e+00	4.08621386e-01	-2.62524353e-02	1.13729738e-03	3.83506248e-01
2.09971545e+00	4.63286339e-01	-2.48375988e-02	1.13620044e-03	4.39584940e-01
2.23039968e+00	5.22749943e-01	-2.33917507e-02	1.13147459e-03	5.00489667e-01
2.36387266e+00	5.87187446e-01	-2.19222925e-02	1.12224806e-03	5.66387401e-01
2.50000000e+00	6.56762917e-01	-2.04370533e-02	1.10731947e-03	6.37433183e-01
2.63864463e+00	7.31628158e-01	-1.89433053e-02	1.08513644e-03	7.13769989e-01
2.77966694e+00	8.11921661e-01	-1.74471595e-02	1.05383010e-03	7.95528332e-01
2.92292493e+00	8.97767604e-01	-1.59538165e-02	1.01132998e-03	8.82825118e-01
3.06827437e+00	9.89274901e-01	-1.44693639e-02	9.55606891e-04	9.75761144e-01
3.21556889e+00	1.08653631e+00	-1.30045784e-02	8.85084140e-04	1.07441681e+00
3.36466018e+00	1.18962758e+00	-1.15808460e-02	7.99216955e-04	1.17884595e+00
3.51539812e+00	1.29860670e+00	-1.02370061e-02	6.99149941e-04	1.28906884e+00
3.66763093e+00	1.41351317e+00	-9.03411612e-03	5.88262926e-04	1.40506732e+00
3.82120532e+00	1.53436737e+00	-8.05270504e-03	4.72289501e-04	1.52678695e+00
3.97596666e+00	1.66116998e+00	-7.37601076e-03	3.58721324e-04	1.65415269e+00
4.13175911e+00	1.79390150e+00	-7.05576500e-03	2.55441290e-04	1.78710117e+00
4.28842581e+00	1.93252183e+00	-7.06686965e-03	1.68920307e-04	1.92562388e+00
4.44580900e+00	2.07696992e+00	-7.27149300e-03	1.02689565e-04	2.06980112e+00
4.60375022e+00	2.22716355e+00	-7.42197952e-03	5.67480327e-05	2.21979832e+00
4.76209042e+00	2.38299911e+00	-7.22078971e-03	2.81409694e-05	2.37580646e+00
4.92067018e+00	2.54435156e+00	-6.42211339e-03	1.23310412e-05	2.53794178e+00
5.07932982e+00	2.71107438e+00	-4.92707549e-03	4.68641882e-06	2.70615200e+00
5.23790958e+00	2.88299972e+00	-2.82312069e-03	1.51027601e-06	2.88017811e+00
5.39624978e+00	3.05993847e+00	-3.54700792e-04	4.01652990e-07	3.05958417e+00
5.55419100e+00	3.24168063e+00	2.14744136e-03	8.53471442e-08	3.24382816e+00
5.71157419e+00	3.42799556e+00	4.34417887e-03	1.39486226e-08	3.43233975e+00
5.86824089e+00	3.61863244e+00	5.95555616e-03	1.67745326e-09	3.62458799e+00
6.02403334e+00	3.81332077e+00	6.81496158e-03	1.41063725e-10	3.82013573e+00
6.17879468e+00	4.01177099e+00	6.90270805e-03	7.82882482e-12	4.01867369e+00
6.33236907e+00	4.21367507e+00	6.34454581e-03	2.68698305e-13	4.22001962e+00
6.48460188e+00	4.41870737e+00	5.36651062e-03	5.30754328e-15	4.42407388e+00
6.63533982e+00	4.62652533e+00	4.22090390e-03	5.57586691e-17	4.63074623e+00
6.78443111e+00	4.83677048e+00	3.11591315e-03	2.86255801e-19	4.83988639e+00
6.93172563e+00	5.04906933e+00	2.17787240e-03	6.57408056e-22	5.05124720e+00
7.07707507e+00	5.26303441e+00	1.45266198e-03	6.14772516e-25	5.26448708e+00
7.22033306e+00	5.47826540e+00	9.30704490e-04	2.12249110e-28	5.47919610e+00
7.36135537e+00	5.69435021e+00	5.75643896e-04	2.46049927e-32	5.69492586e+00
7.50000000e+00	5.91086625e+00	3.45025005e-04	8.69673395e-37	5.91121127e+00
7.63612734e+00	6.12738162e+00	2.01019910e-04	8.56167364e-42	6.12758264e+00
7.76960032e+00	6.34345645e+00	1.14162638e-04	2.14269691e-47	6.34357061e+00
7.90028455e+00	6.55864422e+00	6.33712156e-05	1.26156871e-53	6.55870759e+00
8.02804844e+00	6.77249314e+00	3.44782954e-05	1.62961289e-60	6.77252762e+00
8.15276334e+00	6.98454752e+00	1.84376017e-05	4.33355208e-68	6.98456596e+00
8.27430367e+00	7.19434925e+00	9.71884661e-06	2.30395473e-76	7.19435897e+00
8.39254706e+00	7.40143920e+00	5.06414355e-06	2.35039907e-85	7.40144426e+00
8.50737444e+00	7.60535869e+00	2.61587879e-06	4.64750126e-95	7.60536131e+00
8.61867019e+00	7.80565100e+00	1.34324280e-06	1.81006721e-105	7.80565234e+00
8.72632225e+00	8.00186277e+00	6.87581467e-07	1.44086448e-116	8.00186346e+00
8.83022222e+00	8.19354553e+00	3.51819886e-07	2.55467592e-128	8.19354588e+00
8.93026547e+00	8.38025714e+00	1.80426274e-07	1.10878353e-140	8.38025732e+00
9.02635129e+00	8.56156323e+00	9.29833188e-08	9.32557099e-154	8.56156332e+00
9.11838291e+00	8.73703864e+00	4.82740153e-08	4.41955079e-167	8.73703869e+00
9.20626766e+00	8.90626884e+00	2.53069102e-08	6.64473473e-181	8.90626887e+00
9.28991707e+00	9.06885127e+00	1.34208244e-08	4.91783809e-195	9.06885128e+00
9.36924689e+00	9.22439670e+00	7.21090927e-09	2.28581237e-209	9.22439670e+00
9.44417724e+00	9.37253053e+00	3.92880304e-09	8.71097822e-224	9.37253053e+00
9.51463269e+00	9.51289405e+00	2.16901085e-09	3.62463124e-238	9.51289405e+00
9.58054229e+00	9.64514564e+00	1.21241161e-09	2.22848609e-252	9.64514564e+00
9.64183967e+00	9.76896191e+00	6.84371307e-10	2.77186511e-266	9.76896191e+00
9.69846310e+00	9.88403880e+00	3.88290716e-10	9.61683683e-280	9.88403880e+00
9.75035559e+00	9.99009261e+00	2.20061397e-10	1.28546896e-292	9.99009261e+00
9.79746487e+00	1.00868610e+01	1.23265719e-10	9.10971000e-305	1.00868610e+01
9.83974351e+00	1.01741037e+01	6.73646634e-11	0.00000000e+00	1.01741037e+01
9.87714893e+00	1.02516037e+01	3.53215468e-11	0.00000000e+00	1.02516037e+01
9.90964349e+00	1.03191676e+01	1.74283994e-11	0.00000000e+00	1.03191676e+01
9.93719444e+00	1.03766264e+01	7.86006542e-12	0.00000000e+00	1.03766264e+01
9.95977406e+00	1.04238362e+01	3.10783708e-12	0.00000000e+00	1.04238362e+01
9.97735961e+00	1.04606786e+01	1.00194594e-12	0.00000000e+00	1.04606786e+01
9.98993338e+00	1.04870609e+01	2.31712101e-13	0.00000000e+00	1.04870609e+01
9.99748271e+00	1.05029169e+01	3.21449019e-14	0.00000000e+00	1.05029169e+01
1.00000000e+01	1.05082067e+01	6.42395781e-15	0.00000000e+00	1.05082067e+01
