0.00000000e+00	0.00000000e+00	-2.52194384e-01	6.34635704e-02	-1.88730813e-01
2.51728808e-03	6.65877661e-07	-2.52194206e-01	6.34636376e-02	-1.88729902e-01
1.00666176e-02	1.06486794e-05	-2.52191542e-01	6.34648771e-02	-1.88716016e-01
2.26403871e-02	5.38637149e-05	-2.52180032e-01	6.34702923e-02	-1.88655876e-01
4.02259358e-02	1.70036015e-04	-2.52149099e-01	6.34849023e-02	-1.88494160e-01
6.28055566e-02	4.14500199e-04	-2.52083978e-01	6.35156891e-02	-1.88153789e-01
9.03565137e-02	8.57921471e-04	-2.51965906e-01	6.35715350e-02	-1.87536450e-01
1.22851066e-01	1.58593893e-03	-2.51772066e-01	6.36628113e-02	-1.86523316e-01
1.60256493e-01	2.69873272e-03	-2.51475887e-01	6.38013362e-02	-1.84975819e-01
2.02535132e-01	4.31051678e-03	-2.51047078e-01	6.39998858e-02	-1.82736676e-01
2.49644411e-01	6.54895946e-03	-2.50451912e-01	6.42713487e-02	-1.79631604e-01
3.01536896e-01	9.55453434e-03	-2.49653505e-01	6.46278612e-02	-1.75471109e-01
3.58160335e-01	1.34798041e-02	-2.48611984e-01	6.50798449e-02	-1.70052335e-01
4.19457713e-01	1.84886404e-02	-2.47284963e-01	6.56342886e-02	-1.63162034e-01
4.85367309e-01	2.47553829e-02	-2.45627883e-01	6.62929450e-02	-1.54579555e-01
5.55822757e-01	3.24639420e-02	-2.43594526e-01	6.70504699e-02	-1.44080114e-01
6.30753115e-01	4.18068468e-02	-2.41137556e-01	6.78919648e-02	-1.31438744e-01
7.10082934e-01	5.29842456e-02	-2.38209220e-01	6.87906149e-02	-1.16434359e-01
7.93732336e-01	6.62028601e-02	-2.34762231e-01	6.97057282e-02	-9.88536423e-02
8.81617093e-01	8.16748995e-02	-2.30750831e-01	7.05801784e-02	-7.84957532e-02
9.73648712e-01	9.96169391e-02	-2.26132084e-01	7.13399425e-02	-5.51752027e-02
1.06973453e+00	1.20248767e-01	-2.20867710e-01	7.18939319e-02	-2.87250114e-02
1.16977778e+00	1.43792205e-01	-2.14926502e-01	7.21366346e-02	1.00233807e-03
1.27367775e+00	1.70469910e-01	-2.08287497e-01	7.19533720e-02	3.41357848e-02
1.38132981e+00	2.00504154e-01	-2.00943756e-01	7.12297170e-02	7.07901147e-02
1.49262556e+00	2.34115601e-01	-1.92905982e-01	6.98640719e-02	1.11073691e-01
1.60745294e+00	2.71522073e-01	-1.84204019e-01	6.77828837e-02	1.55100939e-01
1.72569633e+00	3.12937318e-01	-1.74883868e-01	6.49529735e-02	2.03006424e-01
1.84723666e+00	3.58569781e-01	-1.64998991e-01	6.13873063e-02	2.54958096e-01
1.97195156e+00	4.08621386e-01	-1.54600181e-01	5.71450461e-02	3.11166251e-01
2.09971545e+00	4.63286339e-01	-1.43729827e-01	5.23285632e-02	3.71885075e-01
2.23039968e+00	5.22749943e-01	-1.32425389e-01	4.70796135e-02	4.37404167e-01
2.36387266e+00	5.87187446e-01	-1.20730859e-01	4.15697699e-02	5.08026356e-01
2.50000000e+00	6.56762917e-01	-1.08713336e-01	3.59859867e-02	5.84035567e-01
2.63864463e+00	7.31628158e-01	-9.64819605e-02	3.05112832e-02	6.65657481e-01
2.77966694e+00	8.11921661e-01	-8.42057605e-02	2.53079575e-02	7.53023858e-01
2.92292493e+00	8.97767604e-01	-7.21261058e-02	2.05062982e-02	8.46147797e-01
3.06827437e+00	9.89274901e-01	-6.05555660e-02	1.61998376e-02	9.44919172e-01
3.21556889e+00	1.08653631e+00	-4.98550223e-02	1.24460113e-02	1.04912730e+00
3.36466018e+00	1.18962758e+00	-4.03829822e-02	9.26909211e-03	1.15851369e+00
3.51539812e+00	1.29860670e+00	-3.24206714e-02	6.66424912e-03	1.27285028e+00
3.66763093e+00	1.41351317e+00	-2.60922924e-02	4.60204072e-03	1.39202292e+00
3.82120532e+00	1.53436737e+00	-2.13172041e-02	3.03286616e-03	1.51608303e+00
3.97596666e+00	1.66116998e+00	-1.78230650e-02	1.89231972e-03	1.64523923e+00
4.13175911e+00	1.79390150e+00	-1.52310913e-02	1.10674452e-03	1.77977715e+00
4.28842581e+00	1.93252183e+00	-1.31749054e-02	5.99213667e-04	1.91994613e+00
4.44580900e+00	2.07696992e+00	-1.13959519e-02	2.95647663e-04	2.06586962e+00
4.60375022e+00	2.22716355e+00	-9.77301780e-03	1.30328115e-04	2.21752086e+00
4.76209042e+00	2.38299911e+00	-8.29009372e-03	5.00637921e-05	2.37475908e+00
4.92067018e+00	2.54435156e+00	-6.97690121e-03	1.62399265e-05	2.53739090e+00
5.07932982e+00	2.71107438e+00	-5.85819693e-03	4.27601560e-06	2.70522046e+00
5.23790958e+00	2.88299972e+00	-4.92529537e-03	8.69667628e-07	2.87807529e+00
5.39624978e+00	3.05993847e+00	-4.12971518e-03	1.28464680e-07	3.05580889e+00
5.55419100e+00	3.24168063e+00	-3.39075377e-03	1.27715656e-08	3.23828989e+00
5.71157419e+00	3.42799556e+00	-2.61257494e-03	7.78810143e-10	3.42538298e+00
5.86824089e+00	3.61863244e+00	-1.70700455e-03	2.60473075e-11	3.61692543e+00
6.02403334e+00	3.81332077e+00	-6.18835752e-04	4.18087352e-13	3.81270194e+00
6.17879468e+00	4.01177099e+00	6.52475760e-04	2.75469771e-15	4.01242346e+00
6.33236907e+00	4.21367507e+00	2.04020856e-03	6.23906764e-18	4.21571528e+00
6.48460188e+00	4.41870737e+00	3.41526814e-03	4.36715519e-21	4.42212263e+00
6.63533982e+00	4.62652533e+00	4.61122859e-03	6.48106095e-25	4.63113656e+00
6.78443111e+00	4.83677048e+00	5.46705100e-03	1.67721281e-29	4.84223753e+00
6.93172563e+00	5.04906933e+00	5.87456474e-03	5.64107336e-35	5.05494389e+00
7.07707507e+00	5.26303441e+00	5.81176856e-03	1.81654922e-41	5.26884618e+00
7.22033306e+00	5.47826540e+00	5.34722477e-03	4.00165797e-49	5.48361263e+00
7.36135537e+00	5.69435021e+00	4.61315422e-03	4.33608660e-58	5.69896337e+00
7.50000000e+00	5.91086625e+00	3.76082863e-03	1.67359614e-68	5.91462708e+00
7.63612734e+00	6.12738162e+00	2.91953351e-03	1.56751577e-80	6.13030115e+00
7.76960032e+00	6.34345645e+00	2.17414545e-03	2.83948154e-94	6.34563060e+00
7.90028455e+00	6.55864422e+00	1.56349919e-03	7.09507849e-110	6.56020772e+00
8.02804844e+00	6.77249314e+00	1.09193113e-03	1.85590129e-127	6.77358507e+00
8.15276334e+00	6.98454752e+00	7.43993709e-04	3.21826413e-147	6.98529151e+00
8.27430367e+00	7.19434925e+00	4.96400268e-04	2.76401417e-170	7.19484565e+00
8.39254706e+00	7.40143920e+00	3.25336075e-04	1.01437545e-194	7.40176453e+00
8.50737444e+00	7.60535869e+00	2.10033374e-04	1.76417606e-221	7.60556873e+00
8.61867019e+00	7.80565100e+00	1.33923011e-04	1.43855614e-250	7.80578492e+00
8.72632225e+00	8.00186277e+00	8.45627775e-05	5.91036933e-282	8.00194733e+00
8.83022222e+00	8.19354553e+00	5.30165271e-05	0.00000000e+00	8.19359855e+00
8.93026547e+00	8.38025714e+00	3.30910810e-05	0.00000000e+00	8.38029023e+00
9.02635129e+00	8.56156323e+00	2.06182594e-05	0.00000000e+00	8.56158385e+00
9.11838291e+00	8.73703864e+00	1.28592526e-05	0.00000000e+00	8.73705150e+00
9.20626766e+00	8.90626884e+00	8.04984959e-06	0.00000000e+00	8.90627689e+00
9.28991707e+00	9.06885127e+00	5.07165050e-06	0.00000000e+00	9.06885634e+00
9.36924689e+00	9.22439670e+00	3.22455590e-06	0.00000000e+00	9.22439992e+00
9.44417724e+00	9.37253053e+00	2.07448832e-06	0.00000000e+00	9.37253260e+00
9.51463269e+00	9.51289405e+00	1.35395387e-06	0.00000000e+00	9.51289541e+00
9.58054229e+00	9.64514564e+00	8.98778854e-07	0.00000000e+00	9.64514654e+00
9.64183967e+00	9.76896191e+00	6.08309378e-07	0.00000000e+00	9.76896251e+00
9.69846310e+00	9.88403880e+00	4.20765234e-07	0.00000000e+00	9.88403922e+00
9.75035559e+00	9.99009261e+00	2.98100954e-07	0.00000000e+00	9.99009291e+00
9.79746487e+00	1.00868610e+01	2.16772777e-07	0.00000000e+00	1.00868612e+01
9.83974351e+00	1.01741037e+01	1.62110344e-07	0.00000000e+00	1.01741039e+01
9.87714893e+00	1.02516037e+01	1.24898641e-07	0.00000000e+00	1.02516039e+01
9.90964349e+00	1.03191676e+01	9.92983457e-08	0.00000000e+00	1.03191677e+01
9.93719444e+00	1.03766264e+01	8.15791019e-08	0.00000000e+00	1.03766265e+01
9.95977406e+00	1.04238362e+01	6.93421441e-08	0.00000000e+00	1.04238363e+01
9.97735961e+00	1.04606786e+01	6.10433503e-08	0.00000000e+00	1.04606786e+01
9.98993338e+00	1.04870609e+01	5.56989290e-08	0.00000000e+00	1.04870610e+01
9.99748271e+00	1.05029169e+01	5.27074426e-08	0.00000000e+00	1.05029169e+01
1.00000000e+01	1.05082067e+01	5.17444322e-08	0.00000000e+00	1.05082067e+01
