0.00000000e+00	0.00000000e+00	-4.39005362e-01	7.27649416e-02	-3.66240421e-01
2.51728808e-03	6.65877661e-07	-4.39004900e-01	7.27649575e-02	-3.66239277e-01
1.00666176e-02	1.06486794e-05	-4.38997987e-01	7.27651608e-02	-3.66222178e-01
2.26403871e-02	5.38637149e-05	-4.38968098e-01	7.27660136e-02	-3.66148221e-01
4.02259358e-02	1.70036015e-04	-4.38887763e-01	7.27682929e-02	-3.65949434e-01
6.28055566e-02	4.14500199e-04	-4.38718729e-01	7.27730878e-02	-3.65531141e-01
9.03565137e-02	8.57921471e-04	-4.38412244e-01	7.27818163e-02	-3.64772506e-01
1.22851066e-01	1.58593893e-03	-4.37909409e-01	7.27962841e-02	-3.63527186e-01
1.60256493e-01	2.69873272e-03	-4.37141589e-01	7.28187240e-02	-3.61624132e-01
2.02535132e-01	4.31051678e-03	-4.36031279e-01	7.28519401e-02	-3.58868822e-01
2.49644411e-01	6.54895946e-03	-4.34492817e-01	7.28994526e-02	-3.55044405e-01
3.01536896e-01	9.55453434e-03	-4.32433616e-01	7.29656909e-02	-3.49913391e-01
3.58160335e-01	1.34798041e-02	-4.29755640e-01	7.30561902e-02	-3.43219645e-01
4.19457713e-01	1.84886404e-02	-4.26357266e-01	7.31777837e-02	-3.34690842e-01
4.85367309e-01	2.47553829e-02	-4.22135709e-01	7.33385630e-02	-3.24041763e-01
5.55822757e-01	3.24639420e-02	-4.16989944e-01	7.35477897e-02	-3.10978213e-01
6.30753115e-01	4.18068468e-02	-4.10824510e-01	7.38152319e-02	-2.95202432e-01
7.10082934e-01	5.29842456e-02	-4.03554266e-01	7.41500587e-02	-2.76419962e-01
7.93732336e-01	6.62028601e-02	-3.95110362e-01	7.45590792e-02	-2.54348422e-01
8.81617093e-01	8.16748995e-02	-3.85447309e-01	7.50445144e-02	-2.28727895e-01
9.73648712e-01	9.96169391e-02	-3.74551280e-01	7.56012581e-02	-1.99333083e-01
1.06973453e+00	1.20248767e-01	-3.62448127e-01	7.62143443e-02	-1.65985016e-01
1.16977778e+00	1.43792205e-01	-3.49208553e-01	7.68561573e-02	-1.28560191e-01
1.27367775e+00	1.70469910e-01	-3.34947226e-01	7.74829187e-02	-8.69943972e-02
1.38132981e+00	2.00504154e-01	-3.19812283e-01	7.80289755e-02	-4.12791534e-02
1.49262556e+00	2.34115601e-01	-3.03967312e-01	7.84002519e-02	8.54854086e-03
1.60745294e+00	2.71522073e-01	-2.87571576e-01	7.84705908e-02	6.24210886e-02
1.72569633e+00	3.12937318e-01	-2.70766986e-01	7.80843353e-02	1.20254668e-01
1.84723666e+00	3.58569781e-01	-2.53673545e-01	7.70646911e-02	1.81960927e-01
1.97195156e+00	4.08621386e-01	-2.36391010e-01	7.52272438e-02	2.47457619e-01
2.09971545e+00	4.63286339e-01	-2.19002640e-01	7.23993292e-02	3.16683028e-01
2.23039968e+00	5.22749943e-01	-2.01578669e-01	6.84483070e-02	3.89619581e-01
2.36387266e+00	5.87187446e-01	-1.84180124e-01	6.33184281e-02	4.66325750e-01
2.50000000e+00	6.56762917e-01	-1.66863843e-01	5.70694594e-02	5.46968533e-01
2.63864463e+00	7.31628158e-01	-1.49693003e-01	4.99032277e-02	6.31838383e-01
2.77966694e+00	8.11921661e-01	-1.32753856e-01	4.21603580e-02	7.21328163e-01
2.92292493e+00	8.97767604e-01	-1.16179474e-01	3.42786126e-02	8.15866743e-01
3.06827437e+00	9.89274901e-01	-1.00177911e-01	2.67196357e-02	9.15816625e-01
3.21556889e+00	1.08653631e+00	-8.50545702e-02	1.98879785e-02	1.02136971e+00
3.36466018e+00	1.18962758e+00	-7.12122314e-02	1.40695929e-02	1.13248494e+00
3.51539812e+00	1.29860670e+00	-5.91070710e-02	9.40476286e-03	1.24890439e+00
3.66763093e+00	1.41351317e+00	-4.91442544e-02	5.89455772e-03	1.37026347e+00
3.82120532e+00	1.53436737e+00	-4.15241707e-02	3.42942029e-03	1.49627262e+00
3.97596666e+00	1.66116998e+00	-3.60921794e-02	1.82806585e-03	1.62690586e+00
4.13175911e+00	1.79390150e+00	-3.22812802e-02	8.77912859e-04	1.76249813e+00
4.28842581e+00	1.93252183e+00	-2.92220358e-02	3.71726679e-04	1.90367152e+00
4.44580900e+00	2.07696992e+00	-2.60051058e-02	1.34981796e-04	2.05109980e+00
4.60375022e+00	2.22716355e+00	-2.19736817e-02	4.05746172e-05	2.20523044e+00
4.76209042e+00	2.38299911e+00	-1.68879723e-02	9.65172523e-06	2.36612079e+00
4.92067018e+00	2.54435156e+00	-1.08930510e-02	1.71620969e-06	2.53346022e+00
5.07932982e+00	2.71107438e+00	-4.35072681e-03	2.12379947e-07	2.70672387e+00
5.23790958e+00	2.88299972e+00	2.33773283e-03	1.67362847e-08	2.88533747e+00
5.39624978e+00	3.05993847e+00	8.83263729e-03	7.53143685e-10	3.06877111e+00
5.55419100e+00	3.24168063e+00	1.48672975e-02	1.69605084e-11	3.25654793e+00
5.71157419e+00	3.42799556e+00	2.02047640e-02	1.63307528e-13	3.44820032e+00
5.86824089e+00	3.61863244e+00	2.45878304e-02	5.58254513e-16	3.64322027e+00
6.02403334e+00	3.81332077e+00	2.77226389e-02	5.68149762e-19	3.84104341e+00
6.17879468e+00	4.01177099e+00	2.93242799e-02	1.28236171e-22	4.04109527e+00
6.33236907e+00	4.21367507e+00	2.92134766e-02	4.96851897e-27	4.24288855e+00
6.48460188e+00	4.41870737e+00	2.74249289e-02	2.43932987e-32	4.44613229e+00
6.63533982e+00	4.62652533e+00	2.42598717e-02	1.06531318e-38	4.65078520e+00
6.78443111e+00	4.83677048e+00	2.02375136e-02	2.85696891e-46	4.85700799e+00
6.93172563e+00	5.04906933e+00	1.59575880e-02	3.11661346e-55	5.06502691e+00
7.07707507e+00	5.26303441e+00	1.19404309e-02	8.93615627e-66	5.27497484e+00
7.22033306e+00	5.47826540e+00	8.52145567e-03	4.33379491e-78	5.48678686e+00
7.36135537e+00	5.69435021e+00	5.83203473e-03	2.28532134e-92	5.70018225e+00
7.50000000e+00	5.91086625e+00	3.84751880e-03	8.09944941e-109	5.91471377e+00
7.63612734e+00	6.12738162e+00	2.45780041e-03	1.35792441e-127	6.12983942e+00
7.76960032e+00	6.34345645e+00	1.52599313e-03	5.83706160e-149	6.34498244e+00
7.90028455e+00	6.55864422e+00	9.23906063e-04	1.48117232e-173	6.55956813e+00
8.02804844e+00	6.77249314e+00	5.47156067e-04	1.29981454e-200	6.77304029e+00
8.15276334e+00	6.98454752e+00	3.17930184e-04	1.11367354e-230	6.98486545e+00
8.27430367e+00	7.19434925e+00	1.81822857e-04	7.40135943e-264	7.19453107e+00
8.39254706e+00	7.40143920e+00	1.02664760e-04	3.28378775e-300	7.40154186e+00
8.50737444e+00	7.60535869e+00	5.74115659e-05	0.00000000e+00	7.60541610e+00
8.61867019e+00	7.80565100e+00	3.18926315e-05	0.00000000e+00	7.80568289e+00
8.72632225e+00	8.00186277e+00	1.76497315e-05	0.00000000e+00	8.00188042e+00
8.83022222e+00	8.19354553e+00	9.75723383e-06	0.00000000e+00	8.19355529e+00
8.93026547e+00	8.38025714e+00	5.40219806e-06	0.00000000e+00	8.38026254e+00
9.02635129e+00	8.56156323e+00	3.00245573e-06	0.00000000e+00	8.56156623e+00
9.11838291e+00	8.73703864e+00	1.67874720e-06	0.00000000e+00	8.73704032e+00
9.20626766e+00	8.90626884e+00	9.45944217e-07	0.00000000e+00	8.90626979e+00
9.28991707e+00	9.06885127e+00	5.38097198e-07	0.00000000e+00	9.06885181e+00
9.36924689e+00	9.22439670e+00	3.09215793e-07	0.00000000e+00	9.22439701e+00
9.44417724e+00	9.37253053e+00	1.79564893e-07	0.00000000e+00	9.37253071e+00
9.51463269e+00	9.51289405e+00	1.05366551e-07	0.00000000e+00	9.51289416e+00
9.58054229e+00	9.64514564e+00	6.23838509e-08	0.00000000e+00	9.64514570e+00
9.64183967e+00	9.76896191e+00	3.72023073e-08	0.00000000e+00	9.76896194e+00
9.69846310e+00	9.88403880e+00	2.23031036e-08	0.00000000e+00	9.88403882e+00
9.75035559e+00	9.99009261e+00	1.33717595e-08	0.00000000e+00	9.99009263e+00
9.79746487e+00	1.00868610e+01	7.97878910e-09	0.00000000e+00	1.00868610e+01
9.83974351e+00	1.01741037e+01	4.70663944e-09	0.00000000e+00	1.01741037e+01
9.87714893e+00	1.02516037e+01	2.72558392e-09	0.00000000e+00	1.02516037e+01
9.90964349e+00	1.03191676e+01	1.54132170e-09	0.00000000e+00	1.03191676e+01
9.93719444e+00	1.03766264e+01	8.49089216e-10	0.00000000e+00	1.03766264e+01
9.95977406e+00	1.04238362e+01	4.57142559e-10	0.00000000e+00	1.04238362e+01
9.97735961e+00	1.04606786e+01	2.45538945e-10	0.00000000e+00	1.04606786e+01
9.98993338e+00	1.04870609e+01	1.38014787e-10	0.00000000e+00	1.04870609e+01
9.99748271e+00	1.05029169e+01	8.94903186e-11	0.00000000e+00	1.05029169e+01
1.00000000e+01	1.05082067e+01	7.58040614e-11	0.00000000e+00	1.05082067e+01
