0.00000000e+00	0.00000000e+00	-3.49501450e-01	4.13116512e-02	-3.08189799e-01
2.51728808e-03	6.65877661e-07	-3.49501054e-01	4.13116681e-02	-3.08188720e-01
1.00666176e-02	1.06486794e-05	-3.49495117e-01	4.13119182e-02	-3.08172550e-01
2.26403871e-02	5.38637149e-05	-3.49469445e-01	4.13129880e-02	-3.08102594e-01
4.02259358e-02	1.70036015e-04	-3.49400446e-01	4.13158551e-02	-3.07914555e-01
6.28055566e-02	4.14500199e-04	-3.49255278e-01	4.13218869e-02	-3.07518891e-01
9.03565137e-02	8.57921471e-04	-3.48992069e-01	4.13328500e-02	-3.06801298e-01
1.22851066e-01	1.58593893e-03	-3.48560299e-01	4.13509276e-02	-3.05623432e-01
1.60256493e-01	2.69873272e-03	-3.47901115e-01	4.13787595e-02	-3.03823623e-01
2.02535132e-01	4.31051678e-03	-3.46948145e-01	4.14194938e-02	-3.01218134e-01
2.49644411e-01	6.54895946e-03	-3.45628176e-01	4.14768644e-02	-2.97602352e-01
3.01536896e-01	9.55453434e-03	-3.43862321e-01	4.15553107e-02	-2.92752476e-01
3.58160335e-01	1.34798041e-02	-3.41567528e-01	4.16600041e-02	-2.86427720e-01
4.19457713e-01	1.84886404e-02	-3.38658262e-01	4.17969152e-02	-2.78372706e-01
4.85367309e-01	2.47553829e-02	-3.35049128e-01	4.19726941e-02	-2.68321051e-01
5.55822757e-01	3.24639420e-02	-3.30657749e-01	4.21944109e-02	-2.55999396e-01
6.30753115e-01	4.18068468e-02	-3.25408914e-01	4.24690076e-02	-2.41133060e-01
7.10082934e-01	5.29842456e-02	-3.19239387e-01	4.28024528e-02	-2.23452688e-01
7.93732336e-01	6.62028601e-02	-3.12104119e-01	4.31986205e-02	-2.02702638e-01
8.81617093e-01	8.16748995e-02	-3.03983137e-01	4.36581334e-02	-1.78650104e-01
9.73648712e-01	9.96169391e-02	-2.94888276e-01	4.41770902e-02	-1.51094247e-01
1.06973453e+00	1.20248767e-01	-2.84867699e-01	4.47459180e-02	-1.19873014e-01
1.16977778e+00	1.43792205e-01	-2.74005556e-01	4.53474805e-02	-8.48658705e-02
1.27367775e+00	1.70469910e-01	-2.62414113e-01	4.59540962e-02	-4.59901072e-02
1.38132981e+00	2.00504154e-01	-2.50219640e-01	4.65236556e-02	-3.19183129e-03
1.49262556e+00	2.34115601e-01	-2.37547242e-01	4.69968898e-02	4.35652491e-02
1.60745294e+00	2.71522073e-01	-2.24510031e-01	4.72973905e-02	9.43094333e-02
1.72569633e+00	3.12937318e-01	-2.11205579e-01	4.73336090e-02	1.49065348e-01
1.84723666e+00	3.58569781e-01	-1.97717472e-01	4.70017340e-02	2.07854043e-01
1.97195156e+00	4.08621386e-01	-1.84118420e-01	4.61891891e-02	2.70692155e-01
2.09971545e+00	4.63286339e-01	-1.70472157e-01	4.47818077e-02	3.37595989e-01
2.23039968e+00	5.22749943e-01	-1.56834035e-01	4.26771579e-02	4.08593066e-01
2.36387266e+00	5.87187446e-01	-1.43250953e-01	3.98069896e-02	4.83743482e-01
2.50000000e+00	6.56762917e-01	-1.29762621e-01	3.61661939e-02	5.63166490e-01
2.63864463e+00	7.31628158e-01	-1.16406444e-01	3.18406242e-02	6.47062339e-01
2.77966694e+00	8.11921661e-01	-1.03227949e-01	2.70208805e-02	7.35714593e-01
2.92292493e+00	8.97767604e-01	-9.02986743e-02	2.19884716e-02	8.29457401e-01
3.06827437e+00	9.89274901e-01	-7.77402298e-02	1.70714204e-02	9.28606091e-01
3.21556889e+00	1.08653631e+00	-6.57501014e-02	1.25807615e-02	1.03336697e+00
3.36466018e+00	1.18962758e+00	-5.46179190e-02	8.75135554e-03	1.14376101e+00
3.51539812e+00	1.29860670e+00	-4.47146895e-02	5.70735091e-03	1.25959936e+00
3.66763093e+00	1.41351317e+00	-3.64348480e-02	3.45937326e-03	1.38053769e+00
3.82120532e+00	1.53436737e+00	-3.00820406e-02	1.92655568e-03	1.50621188e+00
3.97596666e+00	1.66116998e+00	-2.57225567e-02	9.71094224e-04	1.63641852e+00
4.13175911e+00	1.79390150e+00	-2.30662180e-02	4.34458680e-04	1.77126974e+00
4.28842581e+00	1.93252183e+00	-2.14629199e-02	1.68224537e-04	1.91122713e+00
4.44580900e+00	2.07696992e+00	-2.00585710e-02	5.45768626e-05	2.05696593e+00
4.60375022e+00	2.22716355e+00	-1.80608789e-02	1.42329545e-05	2.20911690e+00
4.76209042e+00	2.38299911e+00	-1.49805532e-02	2.83057638e-06	2.36802139e+00
4.92067018e+00	2.54435156e+00	-1.07225847e-02	4.01655629e-07	2.53362937e+00
5.07932982e+00	2.71107438e+00	-5.50870446e-03	3.74227819e-08	2.70556572e+00
5.23790958e+00	2.88299972e+00	2.78157515e-04	2.06611451e-09	2.88327788e+00
5.39624978e+00	3.05993847e+00	6.22227905e-03	5.96370430e-11	3.06616075e+00
5.55419100e+00	3.24168063e+00	1.19278533e-02	7.74176041e-13	3.25360849e+00
5.71157419e+00	3.42799556e+00	1.70135216e-02	3.77883119e-15	3.44500908e+00
5.86824089e+00	3.61863244e+00	2.10990042e-02	5.64389006e-18	3.63973144e+00
6.02403334e+00	3.81332077e+00	2.38251310e-02	2.09690549e-21	3.83714590e+00
6.17879468e+00	4.01177099e+00	2.49263831e-02	1.40895127e-25	4.03669737e+00
6.33236907e+00	4.21367507e+00	2.43290016e-02	1.28134141e-30	4.23800408e+00
6.48460188e+00	4.41870737e+00	2.22208290e-02	1.12624918e-36	4.44092819e+00
6.63533982e+00	4.62652533e+00	1.90354814e-02	6.53378638e-44	4.64556081e+00
6.78443111e+00	4.83677048e+00	1.53406816e-02	1.65268957e-52	4.85211116e+00
6.93172563e+00	5.04906933e+00	1.16803320e-02	1.17181300e-62	5.06074966e+00
7.07707507e+00	5.26303441e+00	8.44743326e-03	1.42748920e-74	5.27148185e+00
7.22033306e+00	5.47826540e+00	5.83690123e-03	1.90117849e-88	5.48410230e+00
7.36135537e+00	5.69435021e+00	3.87488081e-03	1.68168845e-104	5.69822510e+00
7.50000000e+00	5.91086625e+00	2.48352880e-03	6.06241844e-123	5.91334978e+00
7.63612734e+00	6.12738162e+00	1.54301852e-03	5.76702841e-144	6.12892464e+00
7.76960032e+00	6.34345645e+00	9.32520278e-04	3.17304891e-168	6.34438897e+00
7.90028455e+00	6.55864422e+00	5.49911031e-04	3.84667677e-195	6.55919413e+00
8.02804844e+00	6.77249314e+00	3.17403187e-04	3.31934066e-225	6.77281054e+00
8.15276334e+00	6.98454752e+00	1.79879012e-04	1.49666971e-258	6.98472740e+00
8.27430367e+00	7.19434925e+00	1.00408523e-04	2.78806000e-295	7.19444966e+00
8.39254706e+00	7.40143920e+00	5.53799967e-05	0.00000000e+00	7.40149458e+00
8.50737444e+00	7.60535869e+00	3.02724223e-05	0.00000000e+00	7.60538896e+00
8.61867019e+00	7.80565100e+00	1.64483470e-05	0.00000000e+00	7.80566745e+00
8.72632225e+00	8.00186277e+00	8.90790545e-06	0.00000000e+00	8.00187168e+00
8.83022222e+00	8.19354553e+00	4.82059984e-06	0.00000000e+00	8.19355035e+00
8.93026547e+00	8.38025714e+00	2.61305109e-06	0.00000000e+00	8.38025975e+00
9.02635129e+00	8.56156323e+00	1.42154770e-06	0.00000000e+00	8.56156465e+00
9.11838291e+00	8.73703864e+00	7.77495587e-07	0.00000000e+00	8.73703942e+00
9.20626766e+00	8.90626884e+00	4.28122671e-07	0.00000000e+00	8.90626927e+00
9.28991707e+00	9.06885127e+00	2.37335914e-07	0.00000000e+00	9.06885151e+00
9.36924689e+00	9.22439670e+00	1.32454775e-07	0.00000000e+00	9.22439683e+00
9.44417724e+00	9.37253053e+00	7.42572468e-08	0.00000000e+00	9.37253060e+00
9.51463269e+00	9.51289405e+00	4.16931743e-08	0.00000000e+00	9.51289409e+00
9.58054229e+00	9.64514564e+00	2.33108631e-08	0.00000000e+00	9.64514566e+00
9.64183967e+00	9.76896191e+00	1.28754487e-08	0.00000000e+00	9.76896192e+00
9.69846310e+00	9.88403880e+00	6.92031807e-09	0.00000000e+00	9.88403880e+00
9.75035559e+00	9.99009261e+00	3.53718266e-09	0.00000000e+00	9.99009262e+00
9.79746487e+00	1.00868610e+01	1.65594346e-09	0.00000000e+00	1.00868610e+01
9.83974351e+00	1.01741037e+01	6.62717307e-10	0.00000000e+00	1.01741037e+01
9.87714893e+00	1.02516037e+01	1.92381107e-10	0.00000000e+00	1.02516037e+01
9.90964349e+00	1.03191676e+01	2.02107666e-11	0.00000000e+00	1.03191676e+01
9.93719444e+00	1.03766264e+01	0.00000000e+00	0.00000000e+00	1.03766264e+01
9.95977406e+00	1.04238362e+01	0.00000000e+00	0.00000000e+00	1.04238362e+01
9.97735961e+00	1.04606786e+01	0.00000000e+00	0.00000000e+00	1.04606786e+01
9.98993338e+00	1.04870609e+01	0.00000000e+00	0.00000000e+00	1.04870609e+01
9.99748271e+00	1.05029169e+01	0.00000000e+00	0.00000000e+00	1.05029169e+01
1.00000000e+01	1.05082067e+01	0.00000000e+00	0.00000000e+00	1.05082067e+01
