0.00000000e+00	0.00000000e+00	-5.24492355e-01	1.13361645e-01	-4.11130710e-01
2.51728808e-03	6.65877661e-07	-5.24491833e-01	1.13361656e-01	-4.11129511e-01
1.00666176e-02	1.06486794e-05	-5.24484021e-01	1.13361749e-01	-4.11111624e-01
2.26403871e-02	5.38637149e-05	-5.24450249e-01	1.13362110e-01	-4.11034275e-01
4.02259358e-02	1.70036015e-04	-5.24359470e-01	1.13363062e-01	-4.10826372e-01
6.28055566e-02	4.14500199e-04	-5.24168481e-01	1.13365054e-01	-4.10388927e-01
9.03565137e-02	8.57921471e-04	-5.23822184e-01	1.13368700e-01	-4.09595563e-01
1.22851066e-01	1.58593893e-03	-5.23254033e-01	1.13374893e-01	-4.08293202e-01
1.60256493e-01	2.69873272e-03	-5.22386455e-01	1.13384783e-01	-4.06302940e-01
2.02535132e-01	4.31051678e-03	-5.21131731e-01	1.13400062e-01	-4.03421152e-01
2.49644411e-01	6.54895946e-03	-5.19392899e-01	1.13423162e-01	-3.99420777e-01
3.01536896e-01	9.55453434e-03	-5.17064906e-01	1.13457519e-01	-3.94052853e-01
3.58160335e-01	1.34798041e-02	-5.14036378e-01	1.13507875e-01	-3.87048698e-01
4.19457713e-01	1.84886404e-02	-5.10191374e-01	1.13580608e-01	-3.78122126e-01
4.85367309e-01	2.47553829e-02	-5.05411858e-01	1.13683954e-01	-3.66972522e-01
5.55822757e-01	3.24639420e-02	-4.99580824e-01	1.13827708e-01	-3.53289175e-01
6.30753115e-01	4.18068468e-02	-4.92585827e-01	1.14022817e-01	-3.36756163e-01
7.10082934e-01	5.29842456e-02	-4.84323566e-01	1.14279990e-01	-3.17059330e-01
7.93732336e-01	6.62028601e-02	-4.74705693e-01	1.14607405e-01	-2.93895427e-01
8.81617093e-01	8.16748995e-02	-4.63665510e-01	1.15007308e-01	-2.66983302e-01
9.73648712e-01	9.96169391e-02	-4.51166422e-01	1.15471875e-01	-2.36077608e-01
1.06973453e+00	1.20248767e-01	-4.37211143e-01	1.15978120e-01	-2.00984256e-01
1.16977778e+00	1.43792205e-01	-4.21850369e-01	1.16483478e-01	-1.61574686e-01
1.27367775e+00	1.70469910e-01	-4.05187642e-01	1.16920940e-01	-1.17796792e-01
1.38132981e+00	2.00504154e-01	-3.87375450e-01	1.17193084e-01	-6.96782129e-02
1.49262556e+00	2.34115601e-01	-3.68600173e-01	1.17163918e-01	-1.73206542e-02
1.60745294e+00	2.71522073e-01	-3.49059284e-01	1.16652192e-01	3.91149821e-02
1.72569633e+00	3.12937318e-01	-3.28938117e-01	1.15432389e-01	9.94315904e-02
1.84723666e+00	3.58569781e-01	-3.08396607e-01	1.13249189e-01	1.63422362e-01
1.97195156e+00	4.08621386e-01	-2.87565973e-01	1.09845027e-01	2.30900440e-01
2.09971545e+00	4.63286339e-01	-2.66552814e-01	1.04997679e-01	3.01731204e-01
2.23039968e+00	5.22749943e-01	-2.45445819e-01	9.85668965e-02	3.75871020e-01
2.36387266e+00	5.87187446e-01	-2.24323901e-01	9.05439951e-02	4.53407540e-01
2.50000000e+00	6.56762917e-01	-2.03267364e-01	8.10929517e-02	5.34588505e-01
2.63864463e+00	7.31628158e-01	-1.82374193e-01	7.05632928e-02	6.19817259e-01
2.77966694e+00	8.11921661e-01	-1.61783080e-01	5.94602489e-02	7.09598830e-01
2.92292493e+00	8.97767604e-01	-1.41702279e-01	4.83724825e-02	8.04437808e-01
3.06827437e+00	9.89274901e-01	-1.22437231e-01	3.78768076e-02	9.04714478e-01
3.21556889e+00	1.08653631e+00	-1.04402635e-01	2.84505198e-02	1.01058419e+00
3.36466018e+00	1.18962758e+00	-8.80973513e-02	2.04154627e-02	1.12194569e+00
3.51539812e+00	1.29860670e+00	-7.40208381e-02	1.39209670e-02	1.23850683e+00
3.66763093e+00	1.41351317e+00	-6.25252601e-02	8.95788553e-03	1.35994579e+00
3.82120532e+00	1.53436737e+00	-5.36439882e-02	5.39087771e-03	1.48611426e+00
3.97596666e+00	1.66116998e+00	-4.69724417e-02	2.99921808e-03	1.61719675e+00
4.13175911e+00	1.79390150e+00	-4.17031769e-02	1.51989302e-03	1.75371821e+00
4.28842581e+00	1.93252183e+00	-3.68467645e-02	6.88425833e-04	1.89636349e+00
4.44580900e+00	2.07696992e+00	-3.15546082e-02	2.72038531e-04	2.04568735e+00
4.60375022e+00	2.22716355e+00	-2.53759520e-02	9.09359920e-05	2.20187853e+00
4.76209042e+00	2.38299911e+00	-1.83170735e-02	2.47228073e-05	2.36470676e+00
4.92067018e+00	2.54435156e+00	-1.07055379e-02	5.20095623e-06	2.53365122e+00
5.07932982e+00	2.71107438e+00	-2.97873960e-03	7.95190224e-07	2.70809644e+00
5.23790958e+00	2.88299972e+00	4.48191819e-03	8.17093592e-08	2.88748172e+00
5.39624978e+00	3.05993847e+00	1.14180994e-02	5.12371818e-09	3.07135658e+00
5.55419100e+00	3.24168063e+00	1.76768701e-02	1.74358389e-10	3.25935750e+00
5.71157419e+00	3.42799556e+00	2.31459888e-02	2.79607183e-12	3.45114155e+00
5.86824089e+00	3.61863244e+00	2.76840163e-02	1.78916130e-14	3.64631645e+00
6.02403334e+00	3.81332077e+00	3.10784901e-02	3.75488271e-17	3.84439926e+00
6.17879468e+00	4.01177099e+00	3.30645474e-02	2.20846369e-20	4.04483553e+00
6.33236907e+00	4.21367507e+00	3.34060207e-02	2.58311214e-24	4.24708110e+00
6.48460188e+00	4.41870737e+00	3.20150701e-02	4.69831149e-29	4.45072244e+00
6.63533982e+00	4.62652533e+00	2.90512266e-02	9.70587764e-35	4.65557656e+00
6.78443111e+00	4.83677048e+00	2.49356127e-02	1.59498673e-41	4.86170609e+00
6.93172563e+00	5.04906933e+00	2.02575965e-02	1.43545654e-49	5.06932692e+00
7.07707507e+00	5.26303441e+00	1.56150304e-02	4.74869449e-59	5.27864944e+00
7.22033306e+00	5.47826540e+00	1.14669925e-02	3.70864431e-70	5.48973239e+00
7.36135537e+00	5.69435021e+00	8.06272495e-03	4.71358572e-83	5.70241294e+00
7.50000000e+00	5.91086625e+00	5.45637956e-03	6.11094274e-98	5.91632263e+00
7.63612734e+00	6.12738162e+00	3.57103113e-03	5.60388504e-115	6.13095265e+00
7.76960032e+00	6.34345645e+00	2.26955497e-03	2.45172968e-134	6.34572601e+00
7.90028455e+00	6.55864422e+00	1.40564530e-03	7.73067637e-157	6.56004987e+00
8.02804844e+00	6.77249314e+00	8.51080988e-04	1.56702800e-181	6.77334422e+00
8.15276334e+00	6.98454752e+00	5.05302847e-04	5.11664431e-209	6.98505282e+00
8.27430367e+00	7.19434925e+00	2.95084400e-04	2.14819555e-239	7.19464433e+00
8.39254706e+00	7.40143920e+00	1.70022357e-04	9.96708397e-273	7.40160922e+00
8.50737444e+00	7.60535869e+00	9.69581586e-05	0.00000000e+00	7.60545565e+00
8.61867019e+00	7.80565100e+00	5.48907176e-05	0.00000000e+00	7.80570589e+00
8.72632225e+00	8.00186277e+00	3.09421159e-05	0.00000000e+00	8.00189371e+00
8.83022222e+00	8.19354553e+00	1.74155465e-05	0.00000000e+00	8.19356294e+00
8.93026547e+00	8.38025714e+00	9.81446956e-06	0.00000000e+00	8.38026695e+00
9.02635129e+00	8.56156323e+00	5.55109905e-06	0.00000000e+00	8.56156878e+00
9.11838291e+00	8.73703864e+00	3.15863780e-06	0.00000000e+00	8.73704180e+00
9.20626766e+00	8.90626884e+00	1.81222055e-06	0.00000000e+00	8.90627065e+00
9.28991707e+00	9.06885127e+00	1.05016695e-06	0.00000000e+00	9.06885232e+00
9.36924689e+00	9.22439670e+00	6.15859365e-07	0.00000000e+00	9.22439731e+00
9.44417724e+00	9.37253053e+00	3.65802531e-07	0.00000000e+00	9.37253089e+00
9.51463269e+00	9.51289405e+00	2.20345716e-07	0.00000000e+00	9.51289427e+00
9.58054229e+00	9.64514564e+00	1.34653534e-07	0.00000000e+00	9.64514577e+00
9.64183967e+00	9.76896191e+00	8.34676036e-08	0.00000000e+00	9.76896199e+00
9.69846310e+00	9.88403880e+00	5.24853152e-08	0.00000000e+00	9.88403885e+00
9.75035559e+00	9.99009261e+00	3.34884366e-08	0.00000000e+00	9.99009265e+00
9.79746487e+00	1.00868610e+01	2.16712926e-08	0.00000000e+00	1.00868610e+01
9.83974351e+00	1.01741037e+01	1.42259746e-08	0.00000000e+00	1.01741037e+01
9.87714893e+00	1.02516037e+01	9.48406427e-09	0.00000000e+00	1.02516037e+01
9.90964349e+00	1.03191676e+01	6.43781797e-09	0.00000000e+00	1.03191676e+01
9.93719444e+00	1.03766264e+01	4.47464318e-09	0.00000000e+00	1.03766264e+01
9.95977406e+00	1.04238362e+01	3.21495058e-09	0.00000000e+00	1.04238362e+01
9.97735961e+00	1.04606786e+01	2.41975048e-09	0.00000000e+00	1.04606786e+01
9.98993338e+00	1.04870609e+01	1.93845919e-09	0.00000000e+00	1.04870609e+01
9.99748271e+00	1.05029169e+01	1.68259117e-09	0.00000000e+00	1.05029169e+01
1.00000000e+01	1.05082067e+01	1.60201747e-09	0.00000000e+00	1.05082067e+01
