0.00000000e+00	0.00000000e+00	-4.91876734e-01	9.65838649e-02	-3.95292869e-01
2.51728808e-03	6.65877661e-07	-4.91876234e-01	9.65838780e-02	-3.95291690e-01
1.00666176e-02	1.06486794e-05	-4.91868762e-01	9.65840226e-02	-3.95274091e-01
2.26403871e-02	5.38637149e-05	-4.91836457e-01	9.65846081e-02	-3.95197986e-01
4.02259358e-02	1.70036015e-04	-4.91749630e-01	9.65861629e-02	-3.94993431e-01
6.28055566e-02	4.14500199e-04	-4.91566933e-01	9.65894307e-02	-3.94563002e-01
9.03565137e-02	8.57921471e-04	-4.91235651e-01	9.65954019e-02	-3.93782327e-01
1.22851066e-01	1.58593893e-03	-4.90692159e-01	9.66053570e-02	-3.92500863e-01
1.60256493e-01	2.69873272e-03	-4.89862229e-01	9.66209876e-02	-3.90542509e-01
2.02535132e-01	4.31051678e-03	-4.88662017e-01	9.66444737e-02	-3.87707027e-01
2.49644411e-01	6.54895946e-03	-4.86998822e-01	9.66787996e-02	-3.83771063e-01
3.01536896e-01	9.55453434e-03	-4.84772259e-01	9.67278882e-02	-3.78489837e-01
3.58160335e-01	1.34798041e-02	-4.81875926e-01	9.67969676e-02	-3.71599154e-01
4.19457713e-01	1.84886404e-02	-4.78199296e-01	9.68927526e-02	-3.62817903e-01
4.85367309e-01	2.47553829e-02	-4.73630043e-01	9.70235929e-02	-3.51851067e-01
5.55822757e-01	3.24639420e-02	-4.68057038e-01	9.71993198e-02	-3.38393776e-01
6.30753115e-01	4.18068468e-02	-4.61374091e-01	9.74306522e-02	-3.22136592e-01
7.10082934e-01	5.29842456e-02	-4.53484642e-01	9.77279617e-02	-3.02772435e-01
7.93732336e-01	6.62028601e-02	-4.44307386e-01	9.80992321e-02	-2.80005294e-01
8.81617093e-01	8.16748995e-02	-4.33783382e-01	9.85469059e-02	-2.53561576e-01
9.73648712e-01	9.96169391e-02	-4.21884438e-01	9.90645368e-02	-2.23202962e-01
1.06973453e+00	1.20248767e-01	-4.08621988e-01	9.96326017e-02	-1.88740619e-01
1.16977778e+00	1.43792205e-01	-3.94054854e-01	1.00214804e-01	-1.50047845e-01
1.27367775e+00	1.70469910e-01	-3.78292002e-01	1.00753986e-01	-1.07068106e-01
1.38132981e+00	2.00504154e-01	-3.61486025e-01	1.01166052e-01	-5.98158189e-02
1.49262556e+00	2.34115601e-01	-3.43816353e-01	1.01332169e-01	-8.36858252e-03
1.60745294e+00	2.71522073e-01	-3.25467050e-01	1.01092963e-01	4.71479871e-02
1.72569633e+00	3.12937318e-01	-3.06607097e-01	1.00250019e-01	1.06580241e-01
1.84723666e+00	3.58569781e-01	-2.87380715e-01	9.85783731e-02	1.69767438e-01
1.97195156e+00	4.08621386e-01	-2.67906537e-01	9.58479764e-02	2.36562825e-01
2.09971545e+00	4.63286339e-01	-2.48281540e-01	9.18540177e-02	3.06858816e-01
2.23039968e+00	5.22749943e-01	-2.28586856e-01	8.64559672e-02	3.80619054e-01
2.36387266e+00	5.87187446e-01	-2.08893798e-01	7.96227848e-02	4.57916433e-01
2.50000000e+00	6.56762917e-01	-1.89272903e-01	7.14739855e-02	5.38963999e-01
2.63864463e+00	7.31628158e-01	-1.69807569e-01	6.22992674e-02	6.24119857e-01
2.77966694e+00	8.11921661e-01	-1.50614845e-01	5.25397360e-02	7.13846552e-01
2.92292493e+00	8.97767604e-01	-1.31872549e-01	4.27272639e-02	8.08622319e-01
3.06827437e+00	9.89274901e-01	-1.13847567e-01	3.33967202e-02	9.08824054e-01
3.21556889e+00	1.08653631e+00	-9.69127080e-02	2.49996412e-02	1.01462324e+00
3.36466018e+00	1.18962758e+00	-8.15324027e-02	1.78455400e-02	1.12594071e+00
3.51539812e+00	1.29860670e+00	-6.81946919e-02	1.20807853e-02	1.24249279e+00
3.66763093e+00	1.41351317e+00	-5.72793737e-02	7.70017906e-03	1.36393397e+00
3.82120532e+00	1.53436737e+00	-4.88904299e-02	4.57797207e-03	1.49005491e+00
3.97596666e+00	1.66116998e+00	-4.27208891e-02	2.50819880e-03	1.62095729e+00
4.13175911e+00	1.79390150e+00	-3.80498534e-02	1.24685785e-03	1.75709850e+00
4.28842581e+00	1.93252183e+00	-3.39223733e-02	5.51326634e-04	1.89915078e+00
4.44580900e+00	2.07696992e+00	-2.94548643e-02	2.11393607e-04	2.04772645e+00
4.60375022e+00	2.22716355e+00	-2.41119953e-02	6.80406311e-05	2.20311959e+00
4.76209042e+00	2.38299911e+00	-1.78078570e-02	1.76396207e-05	2.36520889e+00
4.92067018e+00	2.54435156e+00	-1.08066068e-02	3.49546177e-06	2.53354845e+00
5.07932982e+00	2.71107438e+00	-3.52289396e-03	4.95710359e-07	2.70755199e+00
5.23790958e+00	2.88299972e+00	3.65097368e-03	4.63492561e-08	2.88665074e+00
5.39624978e+00	3.05993847e+00	1.04253244e-02	2.58257250e-09	3.07036380e+00
5.55419100e+00	3.24168063e+00	1.66053208e-02	7.58674865e-11	3.25828595e+00
5.71157419e+00	3.42799556e+00	2.20329692e-02	1.01447692e-12	3.45002853e+00
5.86824089e+00	3.61863244e+00	2.65235185e-02	5.18940857e-15	3.64515595e+00
6.02403334e+00	3.81332077e+00	2.98321798e-02	8.30485481e-18	3.84315295e+00
6.17879468e+00	4.01177099e+00	3.16827929e-02	3.51581184e-21	4.04345378e+00
6.33236907e+00	4.21367507e+00	3.18560719e-02	2.76449690e-25	4.24553115e+00
6.48460188e+00	4.41870737e+00	3.03072946e-02	3.15171473e-30	4.44901466e+00
6.63533982e+00	4.62652533e+00	2.72500945e-02	3.72916849e-36	4.65377542e+00
6.78443111e+00	4.83677048e+00	2.31473292e-02	3.19281961e-43	4.85991781e+00
6.93172563e+00	5.04906933e+00	1.85990344e-02	1.34575292e-51	5.06766836e+00
7.07707507e+00	5.26303441e+00	1.41791641e-02	1.84679651e-61	5.27721358e+00
7.22033306e+00	5.47826540e+00	1.03020267e-02	5.28695757e-73	5.48856743e+00
7.36135537e+00	5.69435021e+00	7.17079897e-03	2.13674882e-86	5.70152101e+00
7.50000000e+00	5.91086625e+00	4.80679175e-03	7.66277645e-102	5.91567304e+00
7.63612734e+00	6.12738162e+00	3.11760846e-03	1.65542572e-119	6.13049923e+00
7.76960032e+00	6.34345645e+00	1.96425371e-03	1.42205015e-139	6.34542070e+00
7.90028455e+00	6.55864422e+00	1.20634979e-03	7.50430509e-163	6.55985057e+00
8.02804844e+00	6.77249314e+00	7.24438826e-04	2.12978616e-188	6.77321758e+00
8.15276334e+00	6.98454752e+00	4.26686426e-04	8.11741102e-217	6.98497421e+00
8.27430367e+00	7.19434925e+00	2.47248859e-04	3.31053327e-248	7.19459650e+00
8.39254706e+00	7.40143920e+00	1.41393893e-04	1.24217166e-282	7.40158059e+00
8.50737444e+00	7.60535869e+00	8.00492762e-05	0.00000000e+00	7.60543874e+00
8.61867019e+00	7.80565100e+00	4.50009030e-05	0.00000000e+00	7.80569600e+00
8.72632225e+00	8.00186277e+00	2.51949448e-05	0.00000000e+00	8.00188796e+00
8.83022222e+00	8.19354553e+00	1.40871595e-05	0.00000000e+00	8.19355962e+00
8.93026547e+00	8.38025714e+00	7.88720771e-06	0.00000000e+00	8.38026502e+00
9.02635129e+00	8.56156323e+00	4.43249066e-06	0.00000000e+00	8.56156766e+00
9.11838291e+00	8.73703864e+00	2.50606713e-06	0.00000000e+00	8.73704115e+00
9.20626766e+00	8.90626884e+00	1.42842456e-06	0.00000000e+00	8.90627027e+00
9.28991707e+00	9.06885127e+00	8.22317540e-07	0.00000000e+00	9.06885209e+00
9.36924689e+00	9.22439670e+00	4.78783466e-07	0.00000000e+00	9.22439718e+00
9.44417724e+00	9.37253053e+00	2.82194438e-07	0.00000000e+00	9.37253081e+00
9.51463269e+00	9.51289405e+00	1.68477878e-07	0.00000000e+00	9.51289422e+00
9.58054229e+00	9.64514564e+00	1.01873365e-07	0.00000000e+00	9.64514574e+00
9.64183967e+00	9.76896191e+00	6.23758955e-08	0.00000000e+00	9.76896197e+00
9.69846310e+00	9.88403880e+00	3.86260173e-08	0.00000000e+00	9.88403883e+00
9.75035559e+00	9.99009261e+00	2.41887656e-08	0.00000000e+00	9.99009264e+00
9.79746487e+00	1.00868610e+01	1.52870590e-08	0.00000000e+00	1.00868610e+01
9.83974351e+00	1.01741037e+01	9.73712122e-09	0.00000000e+00	1.01741037e+01
9.87714893e+00	1.02516037e+01	6.25022005e-09	0.00000000e+00	1.02516037e+01
9.90964349e+00	1.03191676e+01	4.04960205e-09	0.00000000e+00	1.03191676e+01
9.93719444e+00	1.03766264e+01	2.66343727e-09	0.00000000e+00	1.03766264e+01
9.95977406e+00	1.04238362e+01	1.79779423e-09	0.00000000e+00	1.04238362e+01
9.97735961e+00	1.04606786e+01	1.26811738e-09	0.00000000e+00	1.04606786e+01
9.98993338e+00	1.04870609e+01	9.57737211e-10	0.00000000e+00	1.04870609e+01
9.99748271e+00	1.05029169e+01	7.96773936e-10	0.00000000e+00	1.05029169e+01
1.00000000e+01	1.05082067e+01	7.46629798e-10	0.00000000e+00	1.05082067e+01
