0.00000000e+00	0.00000000e+00	-3.90638921e-01	6.85945365e-02	-3.22044385e-01
2.51728808e-03	6.65877661e-07	-3.90638503e-01	6.85945422e-02	-3.22043295e-01
1.00666176e-02	1.06486794e-05	-3.90632245e-01	6.85945940e-02	-3.22027002e-01
2.26403871e-02	5.38637149e-05	-3.90605189e-01	6.85947997e-02	-3.21956525e-01
4.02259358e-02	1.70036015e-04	-3.90532467e-01	6.85953453e-02	-3.21767086e-01
6.28055566e-02	4.14500199e-04	-3.90379452e-01	6.85964918e-02	-3.21368460e-01
9.03565137e-02	8.57921471e-04	-3.90102002e-01	6.85986166e-02	-3.20645464e-01
1.22851066e-01	1.58593893e-03	-3.89646812e-01	6.86022431e-02	-3.19458630e-01
1.60256493e-01	2.69873272e-03	-3.88951767e-01	6.86081184e-02	-3.17644915e-01
2.02535132e-01	4.31051678e-03	-3.87946678e-01	6.86173739e-02	-3.15018787e-01
2.49644411e-01	6.54895946e-03	-3.86554018e-01	6.86316648e-02	-3.11373393e-01
3.01536896e-01	9.55453434e-03	-3.84689932e-01	6.86534097e-02	-3.06481988e-01
3.58160335e-01	1.34798041e-02	-3.82265772e-01	6.86860469e-02	-3.00099921e-01
4.19457713e-01	1.84886404e-02	-3.79189652e-01	6.87342401e-02	-2.91966772e-01
4.85367309e-01	2.47553829e-02	-3.75368774e-01	6.88041406e-02	-2.81809251e-01
5.55822757e-01	3.24639420e-02	-3.70712257e-01	6.89033664e-02	-2.69344948e-01
6.30753115e-01	4.18068468e-02	-3.65134694e-01	6.90408405e-02	-2.54287006e-01
7.10082934e-01	5.29842456e-02	-3.58560872e-01	6.92262861e-02	-2.36350340e-01
7.93732336e-01	6.62028601e-02	-3.50931511e-01	6.94694485e-02	-2.15259202e-01
8.81617093e-01	8.16748995e-02	-3.42210237e-01	6.97792379e-02	-1.90756099e-01
9.73648712e-01	9.96169391e-02	-3.32391291e-01	7.01629150e-02	-1.62611437e-01
1.06973453e+00	1.20248767e-01	-3.21506572e-01	7.06256721e-02	-1.30632133e-01
1.16977778e+00	1.43792205e-01	-3.09628942e-01	7.11699446e-02	-9.46667920e-02
1.27367775e+00	1.70469910e-01	-2.96868984e-01	7.17934565e-02	-5.46056174e-02
1.38132981e+00	2.00504154e-01	-2.83362935e-01	7.24849550e-02	-1.03738268e-02
1.49262556e+00	2.34115601e-01	-2.69254453e-01	7.32195058e-02	3.80806534e-02
1.60745294e+00	2.71522073e-01	-2.54678057e-01	7.39567291e-02	9.08007454e-02
1.72569633e+00	3.12937318e-01	-2.39749338e-01	7.46435701e-02	1.47831551e-01
1.84723666e+00	3.58569781e-01	-2.24563426e-01	7.52186470e-02	2.09225002e-01
1.97195156e+00	4.08621386e-01	-2.09197750e-01	7.56151183e-02	2.75038754e-01
2.09971545e+00	4.63286339e-01	-1.93715632e-01	7.57604526e-02	3.45331160e-01
2.23039968e+00	5.22749943e-01	-1.78168998e-01	7.55740335e-02	4.20154978e-01
2.36387266e+00	5.87187446e-01	-1.62600822e-01	7.49642961e-02	4.99550920e-01
2.50000000e+00	6.56762917e-01	-1.47048782e-01	7.38272656e-02	5.83541400e-01
2.63864463e+00	7.31628158e-01	-1.31553174e-01	7.20488291e-02	6.72123813e-01
2.77966694e+00	8.11921661e-01	-1.16170740e-01	6.95122162e-02	7.65263138e-01
2.92292493e+00	8.97767604e-01	-1.00995471e-01	6.61128205e-02	8.62884954e-01
3.06827437e+00	9.89274901e-01	-8.61848688e-02	6.17805793e-02	9.64870611e-01
3.21556889e+00	1.08653631e+00	-7.19848028e-02	5.65085105e-02	1.07106001e+00
3.36466018e+00	1.18962758e+00	-5.87408533e-02	5.03807741e-02	1.18126750e+00
3.51539812e+00	1.29860670e+00	-4.68780856e-02	4.35908547e-02	1.29531947e+00
3.66763093e+00	1.41351317e+00	-3.68326652e-02	3.64382544e-02	1.41311876e+00
3.82120532e+00	1.53436737e+00	-2.89319090e-02	2.92967573e-02	1.53473222e+00
3.97596666e+00	1.66116998e+00	-2.32525858e-02	2.25573123e-02	1.66047470e+00
4.13175911e+00	1.79390150e+00	-1.95192570e-02	1.65604165e-02	1.79094266e+00
4.28842581e+00	1.93252183e+00	-1.71201834e-02	1.15396248e-02	1.92694127e+00
4.44580900e+00	2.07696992e+00	-1.52681628e-02	7.59323800e-03	2.06929500e+00
4.60375022e+00	2.22716355e+00	-1.32467090e-02	4.68951650e-03	2.21860636e+00
4.76209042e+00	2.38299911e+00	-1.06133035e-02	2.69787326e-03	2.37508368e+00
4.92067018e+00	2.54435156e+00	-7.25743536e-03	1.43228799e-03	2.53852641e+00
5.07932982e+00	2.71107438e+00	-3.31329828e-03	6.93584281e-04	2.70845467e+00
5.23790958e+00	2.88299972e+00	9.81205627e-04	3.02019540e-04	2.88428294e+00
5.39624978e+00	3.05993847e+00	5.38793825e-03	1.16230335e-04	3.06544264e+00
5.55419100e+00	3.24168063e+00	9.69914325e-03	3.87187512e-05	3.25141849e+00
5.71157419e+00	3.42799556e+00	1.37125407e-02	1.08914489e-05	3.44171899e+00
5.86824089e+00	3.61863244e+00	1.71947654e-02	2.51271542e-06	3.63582971e+00
6.02403334e+00	3.81332077e+00	1.98685476e-02	4.59517502e-07	3.83318978e+00
6.17879468e+00	4.01177099e+00	2.14514786e-02	6.40488336e-08	4.03322253e+00
6.33236907e+00	4.21367507e+00	2.17387750e-02	6.50597024e-09	4.23541386e+00
6.48460188e+00	4.41870737e+00	2.06978579e-02	4.58006232e-10	4.43940522e+00
6.63533982e+00	4.62652533e+00	1.85204141e-02	2.11316667e-11	4.64504574e+00
6.78443111e+00	4.83677048e+00	1.55913930e-02	6.01246270e-13	4.85236187e+00
6.93172563e+00	5.04906933e+00	1.23814451e-02	9.87585188e-15	5.06145077e+00
7.07707507e+00	5.26303441e+00	9.31439166e-03	8.72995598e-17	5.27234880e+00
7.22033306e+00	5.47826540e+00	6.67410784e-03	3.93675081e-19	5.48493951e+00
7.36135537e+00	5.69435021e+00	4.58181495e-03	8.17552193e-22	5.69893203e+00
7.50000000e+00	5.91086625e+00	3.03035390e-03	7.35107401e-25	5.91389660e+00
7.63612734e+00	6.12738162e+00	1.94017534e-03	2.66576238e-28	6.12932179e+00
7.76960032e+00	6.34345645e+00	1.20724310e-03	3.62672781e-32	6.34466369e+00
7.90028455e+00	6.55864422e+00	7.32499901e-04	1.73854236e-36	6.55937672e+00
8.02804844e+00	6.77249314e+00	4.34703936e-04	2.75828822e-41	6.77292784e+00
8.15276334e+00	6.98454752e+00	2.53059107e-04	1.37491050e-46	6.98480058e+00
8.27430367e+00	7.19434925e+00	1.44933566e-04	2.07545284e-52	7.19449418e+00
8.39254706e+00	7.40143920e+00	8.19068823e-05	9.15845799e-59	7.40152110e+00
8.50737444e+00	7.60535869e+00	4.58101146e-05	1.17752085e-65	7.60540450e+00
8.61867019e+00	7.80565100e+00	2.54320450e-05	4.41859295e-73	7.80567643e+00
8.72632225e+00	8.00186277e+00	1.40552321e-05	4.96708503e-81	8.00187682e+00
8.83022222e+00	8.19354553e+00	7.75519758e-06	1.72910991e-89	8.19355328e+00
8.93026547e+00	8.38025714e+00	4.28401194e-06	2.04659557e-98	8.38026142e+00
9.02635129e+00	8.56156323e+00	2.37590581e-06	8.79363801e-108	8.56156560e+00
9.11838291e+00	8.73703864e+00	1.32644712e-06	1.57506999e-117	8.73703997e+00
9.20626766e+00	8.90626884e+00	7.47486261e-07	1.32751056e-127	8.90626959e+00
9.28991707e+00	9.06885127e+00	4.26282035e-07	6.19659432e-138	9.06885169e+00
9.36924689e+00	9.22439670e+00	2.46636307e-07	1.78947128e-148	9.22439694e+00
9.44417724e+00	9.37253053e+00	1.45130451e-07	2.66868225e-159	9.37253067e+00
9.51463269e+00	9.51289405e+00	8.70583066e-08	6.20456051e-170	9.51289414e+00
9.58054229e+00	9.64514564e+00	5.33588854e-08	1.81776140e-180	9.64514569e+00
9.64183967e+00	9.76896191e+00	3.34876179e-08	8.52441014e-191	9.76896194e+00
9.69846310e+00	9.88403880e+00	2.15620716e-08	8.17956090e-201	9.88403882e+00
9.75035559e+00	9.99009261e+00	1.42716705e-08	2.05763881e-210	9.99009263e+00
9.79746487e+00	1.00868610e+01	9.72760050e-09	1.73529947e-219	1.00868610e+01
9.83974351e+00	1.01741037e+01	6.84198781e-09	6.23450678e-228	1.01741037e+01
9.87714893e+00	1.02516037e+01	4.97514491e-09	1.19969270e-235	1.02516037e+01
9.90964349e+00	1.03191676e+01	3.74788393e-09	1.53141702e-242	1.03191676e+01
9.93719444e+00	1.03766264e+01	2.93197658e-09	1.57581427e-248	1.03766264e+01
9.95977406e+00	1.04238362e+01	2.38763545e-09	1.55240025e-253	1.04238362e+01
9.97735961e+00	1.04606786e+01	2.02919324e-09	1.69385475e-257	1.04606786e+01
9.98993338e+00	1.04870609e+01	1.80268797e-09	2.30000557e-260	1.04870609e+01
9.99748271e+00	1.05029169e+01	1.67793335e-09	4.23121233e-262	1.05029169e+01
1.00000000e+01	1.05082067e+01	1.63823418e-09	1.11053454e-262	1.05082067e+01
