0.00000000e+00	0.00000000e+00	-5.52604677e-01	1.59728769e-01	-3.92875908e-01
2.51728808e-03	6.65877661e-07	-5.52604147e-01	1.59728761e-01	-3.92874720e-01
1.00666176e-02	1.06486794e-05	-5.52596225e-01	1.59728560e-01	-3.92857017e-01
2.26403871e-02	5.38637149e-05	-5.52561974e-01	1.59727636e-01	-3.92780474e-01
4.02259358e-02	1.70036015e-04	-5.52469920e-01	1.59725131e-01	-3.92574753e-01
6.28055566e-02	4.14500199e-04	-5.52276211e-01	1.59719860e-01	-3.92141850e-01
9.03565137e-02	8.57921471e-04	-5.51924973e-01	1.59710365e-01	-3.91356686e-01
1.22851066e-01	1.58593893e-03	-5.51348700e-01	1.59695007e-01	-3.90067754e-01
1.60256493e-01	2.69873272e-03	-5.50468604e-01	1.59672174e-01	-3.88097697e-01
2.02535132e-01	4.31051678e-03	-5.49195644e-01	1.59640528e-01	-3.85244599e-01
2.49644411e-01	6.54895946e-03	-5.47431304e-01	1.59599313e-01	-3.81283032e-01
3.01536896e-01	9.55453434e-03	-5.45068643e-01	1.59548930e-01	-3.75965179e-01
3.58160335e-01	1.34798041e-02	-5.41994042e-01	1.59491436e-01	-3.69022802e-01
4.19457713e-01	1.84886404e-02	-5.38088926e-01	1.59431291e-01	-3.60168995e-01
4.85367309e-01	2.47553829e-02	-5.33232158e-01	1.59375894e-01	-3.49100881e-01
5.55822757e-01	3.24639420e-02	-5.27302709e-01	1.59336194e-01	-3.35502573e-01
6.30753115e-01	4.18068468e-02	-5.20183149e-01	1.59326864e-01	-3.19049438e-01
7.10082934e-01	5.29842456e-02	-5.11763969e-01	1.59365918e-01	-2.99413805e-01
7.93732336e-01	6.62028601e-02	-5.01948544e-01	1.59473737e-01	-2.76271947e-01
8.81617093e-01	8.16748995e-02	-4.90659831e-01	1.59671154e-01	-2.49313778e-01
9.73648712e-01	9.96169391e-02	-4.77847754e-01	1.59976796e-01	-2.18254019e-01
1.06973453e+00	1.20248767e-01	-4.63498819e-01	1.60404473e-01	-1.82845579e-01
1.16977778e+00	1.43792205e-01	-4.47645285e-01	1.60960641e-01	-1.42892439e-01
1.27367775e+00	1.70469910e-01	-4.30372692e-01	1.61642962e-01	-9.82598203e-02
1.38132981e+00	2.00504154e-01	-4.11820077e-01	1.62437576e-01	-4.88783472e-02
1.49262556e+00	2.34115601e-01	-3.92169590e-01	1.63312621e-01	5.25863244e-03
1.60745294e+00	2.71522073e-01	-3.71623593e-01	1.64207220e-01	6.41057002e-02
1.72569633e+00	3.12937318e-01	-3.50378645e-01	1.65022499e-01	1.27581173e-01
1.84723666e+00	3.58569781e-01	-3.28604977e-01	1.65620859e-01	1.95585663e-01
1.97195156e+00	4.08621386e-01	-3.06439388e-01	1.65833930e-01	2.68015928e-01
2.09971545e+00	4.63286339e-01	-2.83988111e-01	1.65470724e-01	3.44768952e-01
2.23039968e+00	5.22749943e-01	-2.61335558e-01	1.64322273e-01	4.25736658e-01
2.36387266e+00	5.87187446e-01	-2.38555811e-01	1.62164173e-01	5.10795807e-01
2.50000000e+00	6.56762917e-01	-2.15727723e-01	1.58761149e-01	5.99796342e-01
2.63864463e+00	7.31628158e-01	-1.92954473e-01	1.53879359e-01	6.92553044e-01
2.77966694e+00	8.11921661e-01	-1.70389805e-01	1.47310042e-01	7.88841898e-01
2.92292493e+00	8.97767604e-01	-1.48267856e-01	1.38906344e-01	8.88406093e-01
3.06827437e+00	9.89274901e-01	-1.26929621e-01	1.28630005e-01	9.90975284e-01
3.21556889e+00	1.08653631e+00	-1.06831193e-01	1.16598425e-01	1.09630354e+00
3.36466018e+00	1.18962758e+00	-8.85131591e-02	1.03117084e-01	1.20423150e+00
3.51539812e+00	1.29860670e+00	-7.25140752e-02	8.86797816e-02	1.31477240e+00
3.66763093e+00	1.41351317e+00	-5.92276439e-02	7.39259785e-02	1.42821150e+00
3.82120532e+00	1.53436737e+00	-4.87389629e-02	5.95574785e-02	1.54518588e+00
3.97596666e+00	1.66116998e+00	-4.07221358e-02	4.62344762e-02	1.66668232e+00
4.13175911e+00	1.79390150e+00	-3.44735075e-02	3.44801617e-02	1.79390815e+00
4.28842581e+00	1.93252183e+00	-2.91139076e-02	2.46192697e-02	1.92802719e+00
4.44580900e+00	2.07696992e+00	-2.38768876e-02	1.67620952e-02	2.06985513e+00
4.60375022e+00	2.22716355e+00	-1.83317369e-02	1.08281901e-02	2.21966000e+00
4.76209042e+00	2.38299911e+00	-1.24309167e-02	6.59540884e-03	2.37716360e+00
4.92067018e+00	2.54435156e+00	-6.38808132e-03	3.75856847e-03	2.54172204e+00
5.07932982e+00	2.71107438e+00	-4.95399346e-04	1.98501324e-03	2.71256400e+00
5.23790958e+00	2.88299972e+00	5.01687463e-03	9.60364294e-04	2.88897695e+00
5.39624978e+00	3.05993847e+00	1.00333231e-02	4.19721972e-04	3.07039152e+00
5.55419100e+00	3.24168063e+00	1.45344361e-02	1.62948761e-04	3.25637802e+00
5.71157419e+00	3.42799556e+00	1.85355683e-02	5.50827774e-05	3.44658621e+00
5.86824089e+00	3.61863244e+00	2.20169082e-02	1.58336925e-05	3.64066518e+00
6.02403334e+00	3.81332077e+00	2.48704778e-02	3.76469412e-06	3.83819501e+00
6.17879468e+00	4.01177099e+00	2.68917151e-02	7.16925905e-07	4.03866342e+00
6.33236907e+00	4.21367507e+00	2.78276892e-02	1.05388444e-07	4.24150287e+00
6.48460188e+00	4.41870737e+00	2.74737581e-02	1.14698367e-08	4.44618114e+00
6.63533982e+00	4.62652533e+00	2.57837448e-02	8.81849198e-10	4.65230908e+00
6.78443111e+00	4.83677048e+00	2.29374413e-02	4.55090956e-11	4.85970792e+00
6.93172563e+00	5.04906933e+00	1.93217535e-02	1.49036258e-12	5.06839108e+00
7.07707507e+00	5.26303441e+00	1.54274277e-02	2.91670082e-14	5.27846184e+00
7.22033306e+00	5.47826540e+00	1.17111356e-02	3.20449177e-16	5.48997654e+00
7.36135537e+00	5.69435021e+00	8.49058037e-03	1.89097160e-18	5.70284079e+00
7.50000000e+00	5.91086625e+00	5.91030381e-03	5.48506845e-21	5.91677655e+00
7.63612734e+00	6.12738162e+00	3.97104732e-03	7.34767662e-24	6.13135267e+00
7.76960032e+00	6.34345645e+00	2.58748270e-03	4.29573970e-27	6.34604393e+00
7.90028455e+00	6.55864422e+00	1.64157959e-03	1.02926976e-30	6.56028580e+00
8.02804844e+00	6.77249314e+00	1.01751885e-03	9.61729623e-35	6.77351066e+00
8.15276334e+00	6.98454752e+00	6.18082136e-04	3.32582498e-39	6.98516560e+00
8.27430367e+00	7.19434925e+00	3.69013177e-04	4.10257747e-44	7.19471826e+00
8.39254706e+00	7.40143920e+00	2.17168134e-04	1.76038961e-49	7.40165636e+00
8.50737444e+00	7.60535869e+00	1.26350100e-04	2.57729377e-55	7.60548504e+00
8.61867019e+00	7.80565100e+00	7.28890568e-05	1.29017399e-61	7.80572389e+00
8.72632225e+00	8.00186277e+00	4.18136969e-05	2.23574052e-68	8.00190458e+00
8.83022222e+00	8.19354553e+00	2.39227819e-05	1.40074077e-75	8.19356945e+00
8.93026547e+00	8.38025714e+00	1.36889612e-05	3.36382442e-83	8.38027083e+00
9.02635129e+00	8.56156323e+00	7.85635618e-06	3.29880671e-91	8.56157108e+00
9.11838291e+00	8.73703864e+00	4.53454379e-06	1.49021997e-99	8.73704318e+00
9.20626766e+00	8.90626884e+00	2.63928697e-06	3.32962468e-108	8.90627148e+00
9.28991707e+00	9.06885127e+00	1.55311778e-06	4.45972069e-117	9.06885282e+00
9.36924689e+00	9.22439670e+00	9.26445686e-07	4.00231656e-126	9.22439762e+00
9.44417724e+00	9.37253053e+00	5.61554264e-07	3.00571066e-135	9.37253109e+00
9.51463269e+00	9.51289405e+00	3.46719132e-07	2.15830575e-144	9.51289440e+00
9.58054229e+00	9.64514564e+00	2.18567745e-07	9.09948971e-154	9.64514586e+00
9.64183967e+00	9.76896191e+00	1.40998824e-07	9.54643428e-163	9.76896205e+00
9.69846310e+00	9.88403880e+00	9.32755284e-08	2.00461652e-171	9.88403889e+00
9.75035559e+00	9.99009261e+00	6.34113035e-08	9.53408309e-180	9.99009268e+00
9.79746487e+00	1.00868610e+01	4.43916661e-08	1.27526988e-187	1.00868610e+01
9.83974351e+00	1.01741037e+01	3.20565801e-08	5.92569286e-195	1.01741038e+01
9.87714893e+00	1.02516037e+01	2.39251128e-08	1.17070089e-201	1.02516038e+01
9.90964349e+00	1.03191676e+01	1.84863946e-08	1.18802197e-207	1.03191676e+01
9.93719444e+00	1.03766264e+01	1.48097516e-08	7.35739938e-213	1.03766264e+01
9.95977406e+00	1.04238362e+01	1.23239576e-08	3.23786666e-217	1.04238362e+01
9.97735961e+00	1.04606786e+01	1.06641744e-08	1.15206013e-220	1.04606786e+01
9.98993338e+00	1.04870609e+01	9.61065656e-09	3.67461195e-223	1.04870609e+01
9.99748271e+00	1.05029169e+01	9.02380425e-09	1.13286062e-224	1.05029169e+01
1.00000000e+01	1.05082067e+01	8.83587113e-09	3.53403970e-225	1.05082067e+01
