0.00000000e+00	0.00000000e+00	-4.06227079e-02	2.26434901e-04	-4.03962730e-02
2.51728808e-03	6.65877661e-07	-4.06226053e-02	2.26436893e-04	-4.03955026e-02
1.00666176e-02	1.06486794e-05	-4.06210697e-02	2.26466666e-04	-4.03839544e-02
2.26403871e-02	5.38637149e-05	-4.06144274e-02	2.26595376e-04	-4.03339683e-02
4.02259358e-02	1.70036015e-04	-4.05965869e-02	2.26940899e-04	-4.01996100e-02
6.28055566e-02	4.14500199e-04	-4.05591143e-02	2.27666448e-04	-3.99169477e-02
9.03565137e-02	8.57921471e-04	-4.04913952e-02	2.28976705e-04	-3.94044970e-02
1.22851066e-01	1.58593893e-03	-4.03808992e-02	2.31112459e-04	-3.85638478e-02
1.60256493e-01	2.69873272e-03	-4.02136422e-02	2.34340528e-04	-3.72805689e-02
2.02535132e-01	4.31051678e-03	-3.99748544e-02	2.38939959e-04	-3.54253977e-02
2.49644411e-01	6.54895946e-03	-3.96499256e-02	2.45183977e-04	-3.28557822e-02
3.01536896e-01	9.55453434e-03	-3.92256083e-02	2.53319009e-04	-2.94177549e-02
3.58160335e-01	1.34798041e-02	-3.86913993e-02	2.63542637e-04	-2.49480526e-02
4.19457713e-01	1.84886404e-02	-3.80410015e-02	2.75982601e-04	-1.92763785e-02
4.85367309e-01	2.47553829e-02	-3.72734796e-02	2.90679170e-04	-1.22274175e-02
5.55822757e-01	3.24639420e-02	-3.63938534e-02	3.07568498e-04	-3.62234293e-03
6.30753115e-01	4.18068468e-02	-3.54126573e-02	3.26466972e-04	6.72065651e-03
7.10082934e-01	5.29842456e-02	-3.43444125e-02	3.47054930e-04	1.89868880e-02
7.93732336e-01	6.62028601e-02	-3.32052646e-02	3.68876148e-04	3.33664717e-02
8.81617093e-01	8.16748995e-02	-3.20104484e-02	3.91362993e-04	5.00558141e-02
9.73648712e-01	9.96169391e-02	-3.07723868e-02	4.13891593e-04	6.92584439e-02
1.06973453e+00	1.20248767e-01	-2.94998747e-02	4.35856151e-04	9.11847484e-02
1.16977778e+00	1.43792205e-01	-2.81983407e-02	4.56728209e-04	1.16050593e-01
1.27367775e+00	1.70469910e-01	-2.68707988e-02	4.76085774e-04	1.44075197e-01
1.38132981e+00	2.00504154e-01	-2.55191018e-02	4.93604340e-04	1.75478656e-01
1.49262556e+00	2.34115601e-01	-2.41450737e-02	5.09017824e-04	2.10479545e-01
1.60745294e+00	2.71522073e-01	-2.27513747e-02	5.22057584e-04	2.49292756e-01
1.72569633e+00	3.12937318e-01	-2.13419874e-02	5.32378851e-04	2.92127710e-01
1.84723666e+00	3.58569781e-01	-1.99223644e-02	5.39476696e-04	3.39186893e-01
1.97195156e+00	4.08621386e-01	-1.84992326e-02	5.42597996e-04	3.90664751e-01
2.09971545e+00	4.63286339e-01	-1.70800822e-02	5.40657573e-04	4.46746914e-01
2.23039968e+00	5.22749943e-01	-1.56724072e-02	5.32182331e-04	5.07609718e-01
2.36387266e+00	5.87187446e-01	-1.42827387e-02	5.15329391e-04	5.73420037e-01
2.50000000e+00	6.56762917e-01	-1.29156560e-02	4.88054107e-04	6.44335315e-01
2.63864463e+00	7.31628158e-01	-1.15729036e-02	4.48528127e-04	7.20503783e-01
2.77966694e+00	8.11921661e-01	-1.02529029e-02	3.95877769e-04	8.02064636e-01
2.92292493e+00	8.97767604e-01	-8.95106237e-03	3.31182320e-04	8.89147724e-01
3.06827437e+00	9.89274901e-01	-7.66133874e-03	2.58378384e-04	9.81871940e-01
3.21556889e+00	1.08653631e+00	-6.37938355e-03	1.84374438e-04	1.08034130e+00
3.36466018e+00	1.18962758e+00	-5.10758107e-03	1.17659773e-04	1.18463766e+00
3.51539812e+00	1.29860670e+00	-3.86168179e-03	6.54593682e-05	1.29481048e+00
3.66763093e+00	1.41351317e+00	-2.67793386e-03	3.08537015e-05	1.41086609e+00
3.82120532e+00	1.53436737e+00	-1.61813357e-03	1.19256471e-05	1.53276116e+00
3.97596666e+00	1.66116998e+00	-7.68372074e-04	3.63710396e-06	1.66040524e+00
4.13175911e+00	1.79390150e+00	-2.26082279e-04	8.34475959e-07	1.79367625e+00
4.28842581e+00	1.93252183e+00	-7.09939986e-05	1.35523495e-07	1.93245097e+00
4.44580900e+00	2.07696992e+00	-3.22026183e-04	1.44072244e-08	2.07664791e+00
4.60375022e+00	2.22716355e+00	-8.93784907e-04	9.07638006e-10	2.22626976e+00
4.76209042e+00	2.38299911e+00	-1.57917699e-03	2.99231451e-11	2.38141993e+00
4.92067018e+00	2.54435156e+00	-2.08651426e-03	4.43030889e-13	2.54226504e+00
5.07932982e+00	2.71107438e+00	-2.13723220e-03	2.44781349e-15	2.70893715e+00
5.23790958e+00	2.88299972e+00	-1.58810244e-03	4.04579203e-18	2.88141161e+00
5.39624978e+00	3.05993847e+00	-5.10890717e-04	1.54303480e-21	3.05942758e+00
5.55419100e+00	3.24168063e+00	8.25322489e-04	1.00260163e-25	3.24250595e+00
5.71157419e+00	3.42799556e+00	2.06655063e-03	7.84406714e-31	3.43006211e+00
5.86824089e+00	3.61863244e+00	2.91941943e-03	4.97948776e-37	3.62155186e+00
6.02403334e+00	3.81332077e+00	3.25283529e-03	1.64935781e-44	3.81657361e+00
6.17879468e+00	4.01177099e+00	3.11222361e-03	1.75330747e-53	4.01488321e+00
6.33236907e+00	4.21367507e+00	2.65733748e-03	3.48158592e-64	4.21633241e+00
6.48460188e+00	4.41870737e+00	2.07307005e-03	7.22775202e-77	4.42078044e+00
6.63533982e+00	4.62652533e+00	1.50278871e-03	8.27758696e-92	4.62802812e+00
6.78443111e+00	4.83677048e+00	1.02518756e-03	2.70264207e-109	4.83779567e+00
6.93172563e+00	5.04906933e+00	6.64329783e-04	1.23854904e-129	5.04973366e+00
7.07707507e+00	5.26303441e+00	4.11650103e-04	3.51365513e-153	5.26344606e+00
7.22033306e+00	5.47826540e+00	2.45098517e-04	3.53253761e-180	5.47851050e+00
7.36135537e+00	5.69435021e+00	1.40764356e-04	5.07412629e-211	5.69449098e+00
7.50000000e+00	5.91086625e+00	7.82486532e-05	5.42377407e-246	5.91094450e+00
7.63612734e+00	6.12738162e+00	4.22408823e-05	2.17844354e-285	6.12742386e+00
7.76960032e+00	6.34345645e+00	2.22172100e-05	0.00000000e+00	6.34347867e+00
7.90028455e+00	6.55864422e+00	1.14218741e-05	0.00000000e+00	6.55865564e+00
8.02804844e+00	6.77249314e+00	5.75776060e-06	0.00000000e+00	6.77249890e+00
8.15276334e+00	6.98454752e+00	2.85482169e-06	0.00000000e+00	6.98455038e+00
8.27430367e+00	7.19434925e+00	1.39631749e-06	0.00000000e+00	7.19435064e+00
8.39254706e+00	7.40143920e+00	6.75690681e-07	0.00000000e+00	7.40143987e+00
8.50737444e+00	7.60535869e+00	3.24406051e-07	0.00000000e+00	7.60535902e+00
8.61867019e+00	7.80565100e+00	1.54966908e-07	0.00000000e+00	7.80565115e+00
8.72632225e+00	8.00186277e+00	7.38510888e-08	0.00000000e+00	8.00186284e+00
8.83022222e+00	8.19354553e+00	3.51927423e-08	0.00000000e+00	8.19354556e+00
8.93026547e+00	8.38025714e+00	1.68062599e-08	0.00000000e+00	8.38025715e+00
9.02635129e+00	8.56156323e+00	8.05384490e-09	0.00000000e+00	8.56156324e+00
9.11838291e+00	8.73703864e+00	3.87279474e-09	0.00000000e+00	8.73703865e+00
9.20626766e+00	8.90626884e+00	1.86392543e-09	0.00000000e+00	8.90626884e+00
9.28991707e+00	9.06885127e+00	8.92398468e-10	0.00000000e+00	9.06885127e+00
9.36924689e+00	9.22439670e+00	4.19752563e-10	0.00000000e+00	9.22439670e+00
9.44417724e+00	9.37253053e+00	1.88758557e-10	0.00000000e+00	9.37253053e+00
9.51463269e+00	9.51289405e+00	7.66855343e-11	0.00000000e+00	9.51289405e+00
9.58054229e+00	9.64514564e+00	2.46531384e-11	0.00000000e+00	9.64514564e+00
9.64183967e+00	9.76896191e+00	4.09721873e-12	0.00000000e+00	9.76896191e+00
9.69846310e+00	9.88403880e+00	0.00000000e+00	0.00000000e+00	9.88403880e+00
9.75035559e+00	9.99009261e+00	0.00000000e+00	0.00000000e+00	9.99009261e+00
9.79746487e+00	1.00868610e+01	0.00000000e+00	0.00000000e+00	1.00868610e+01
9.83974351e+00	1.01741037e+01	0.00000000e+00	0.00000000e+00	1.01741037e+01
9.87714893e+00	1.02516037e+01	0.00000000e+00	0.00000000e+00	1.02516037e+01
9.90964349e+00	1.03191676e+01	0.00000000e+00	0.00000000e+00	1.03191676e+01
9.93719444e+00	1.03766264e+01	0.00000000e+00	0.00000000e+00	1.03766264e+01
9.95977406e+00	1.04238362e+01	0.00000000e+00	0.00000000e+00	1.04238362e+01
9.97735961e+00	1.04606786e+01	0.00000000e+00	0.00000000e+00	1.04606786e+01
9.98993338e+00	1.04870609e+01	0.00000000e+00	0.00000000e+00	1.04870609e+01
9.99748271e+00	1.05029169e+01	0.00000000e+00	0.00000000e+00	1.05029169e+01
1.00000000e+01	1.05082067e+01	0.00000000e+00	0.00000000e+00	1.05082067e+01
