0.00000000e+00	0.00000000e+00	-2.83910355e-01	4.00194371e-02	-2.43890918e-01
2.51728808e-03	6.65877661e-07	-2.83910023e-01	4.00194549e-02	-2.43889902e-01
1.00666176e-02	1.06486794e-05	-2.83905055e-01	4.00197071e-02	-2.43874700e-01
2.26403871e-02	5.38637149e-05	-2.83883571e-01	4.00207832e-02	-2.43808924e-01
4.02259358e-02	1.70036015e-04	-2.83825832e-01	4.00236716e-02	-2.43632124e-01
6.28055566e-02	4.14500199e-04	-2.83704337e-01	4.00297479e-02	-2.43260089e-01
9.03565137e-02	8.57921471e-04	-2.83484054e-01	4.00407915e-02	-2.42585341e-01
1.22851066e-01	1.58593893e-03	-2.83122665e-01	4.00590029e-02	-2.41477723e-01
1.60256493e-01	2.69873272e-03	-2.82570858e-01	4.00870349e-02	-2.39785091e-01
2.02535132e-01	4.31051678e-03	-2.81772947e-01	4.01280651e-02	-2.37334365e-01
2.49644411e-01	6.54895946e-03	-2.80667448e-01	4.01858609e-02	-2.33932628e-01
3.01536896e-01	9.55453434e-03	-2.79187941e-01	4.02648581e-02	-2.29368548e-01
3.58160335e-01	1.34798041e-02	-2.77264329e-01	4.03702825e-02	-2.23414242e-01
4.19457713e-01	1.84886404e-02	-2.74824217e-01	4.05081280e-02	-2.15827448e-01
4.85367309e-01	2.47553829e-02	-2.71794941e-01	4.06850937e-02	-2.06354464e-01
5.55822757e-01	3.24639420e-02	-2.68106187e-01	4.09083041e-02	-1.94733941e-01
6.30753115e-01	4.18068468e-02	-2.63693265e-01	4.11847400e-02	-1.80701678e-01
7.10082934e-01	5.29842456e-02	-2.58501626e-01	4.15204633e-02	-1.63996917e-01
7.93732336e-01	6.62028601e-02	-2.52492232e-01	4.19194086e-02	-1.44369963e-01
8.81617093e-01	8.16748995e-02	-2.45647717e-01	4.23823040e-02	-1.21590514e-01
9.73648712e-01	9.96169391e-02	-2.37978641e-01	4.29053911e-02	-9.54563105e-02
1.06973453e+00	1.20248767e-01	-2.29527418e-01	4.34792905e-02	-6.57993604e-02
1.16977778e+00	1.43792205e-01	-2.20367197e-01	4.40871400e-02	-3.24878521e-02
1.27367775e+00	1.70469910e-01	-2.10593991e-01	4.47016366e-02	4.57755555e-03
1.38132981e+00	2.00504154e-01	-2.00312101e-01	4.52812362e-02	4.54732889e-02
1.49262556e+00	2.34115601e-01	-1.89618987e-01	4.57674765e-02	9.02640902e-02
1.60745294e+00	2.71522073e-01	-1.78594754e-01	4.60850430e-02	1.39012363e-01
1.72569633e+00	3.12937318e-01	-1.67299158e-01	4.61438212e-02	1.91781982e-01
1.84723666e+00	3.58569781e-01	-1.55773884e-01	4.58418032e-02	2.48637699e-01
1.97195156e+00	4.08621386e-01	-1.44046889e-01	4.50684985e-02	3.09642995e-01
2.09971545e+00	4.63286339e-01	-1.32135852e-01	4.37119560e-02	3.74862443e-01
2.23039968e+00	5.22749943e-01	-1.20050533e-01	4.16717403e-02	4.44371150e-01
2.36387266e+00	5.87187446e-01	-1.07795081e-01	3.88808627e-02	5.18273228e-01
2.50000000e+00	6.56762917e-01	-9.53714848e-02	3.53340924e-02	5.96725524e-01
2.63864463e+00	7.31628158e-01	-8.27868316e-02	3.11151974e-02	6.79956524e-01
2.77966694e+00	8.11921661e-01	-7.00656596e-02	2.64104975e-02	7.68266499e-01
2.92292493e+00	8.97767604e-01	-5.72686623e-02	2.14953852e-02	8.61994327e-01
3.06827437e+00	9.89274901e-01	-4.45170331e-02	1.66909463e-02	9.61448814e-01
3.21556889e+00	1.08653631e+00	-3.20176637e-02	1.23018039e-02	1.06682045e+00
3.36466018e+00	1.18962758e+00	-2.00836092e-02	8.55813814e-03	1.17810211e+00
3.51539812e+00	1.29860670e+00	-9.13546952e-03	5.58180787e-03	1.29505304e+00
3.66763093e+00	1.41351317e+00	3.27995306e-04	3.38353912e-03	1.41722470e+00
3.82120532e+00	1.53436737e+00	7.79923006e-03	1.88447150e-03	1.54405107e+00
3.97596666e+00	1.66116998e+00	1.28694829e-02	9.49962836e-04	1.67498942e+00
4.13175911e+00	1.79390150e+00	1.53480164e-02	4.25047087e-04	1.80967456e+00
4.28842581e+00	1.93252183e+00	1.53486968e-02	1.64600119e-04	1.94803512e+00
4.44580900e+00	2.07696992e+00	1.32986226e-02	5.34086871e-05	2.09032195e+00
4.60375022e+00	2.22716355e+00	9.85104951e-03	1.39307030e-05	2.23702853e+00
4.76209042e+00	2.38299911e+00	5.73594910e-03	2.77101792e-06	2.38873783e+00
4.92067018e+00	2.54435156e+00	1.61745466e-03	3.93292646e-07	2.54596941e+00
5.07932982e+00	2.71107438e+00	-1.98842826e-03	3.66526009e-08	2.70908599e+00
5.23790958e+00	2.88299972e+00	-4.73000131e-03	2.02411731e-09	2.87826972e+00
5.39624978e+00	3.05993847e+00	-6.40371908e-03	5.84401718e-11	3.05353475e+00
5.55419100e+00	3.24168063e+00	-6.94106548e-03	7.58841672e-13	3.23473957e+00
5.71157419e+00	3.42799556e+00	-6.40855802e-03	3.70492068e-15	3.42158700e+00
5.86824089e+00	3.61863244e+00	-5.00851424e-03	5.53545721e-18	3.61362392e+00
6.02403334e+00	3.81332077e+00	-3.06078874e-03	2.05702021e-21	3.81025998e+00
6.17879468e+00	4.01177099e+00	-9.52021083e-04	1.38244004e-25	4.01081896e+00
6.33236907e+00	4.21367507e+00	9.42941087e-04	1.25745029e-30	4.21461802e+00
6.48460188e+00	4.41870737e+00	2.34592248e-03	1.10539423e-36	4.42105329e+00
6.63533982e+00	4.62652533e+00	3.13246729e-03	6.41350543e-44	4.62965780e+00
6.78443111e+00	4.83677048e+00	3.33700594e-03	1.62237921e-52	4.84010748e+00
6.93172563e+00	5.04906933e+00	3.10608471e-03	1.15038611e-62	5.05217541e+00
7.07707507e+00	5.26303441e+00	2.62667777e-03	1.40145736e-74	5.26566109e+00
7.22033306e+00	5.47826540e+00	2.06390849e-03	1.86658826e-88	5.48032931e+00
7.36135537e+00	5.69435021e+00	1.52961285e-03	1.65118896e-104	5.69587983e+00
7.50000000e+00	5.91086625e+00	1.08064212e-03	5.95269186e-123	5.91194689e+00
7.63612734e+00	6.12738162e+00	7.33302678e-04	5.66301666e-144	6.12811492e+00
7.76960032e+00	6.34345645e+00	4.80617063e-04	3.11501938e-168	6.34393707e+00
7.90028455e+00	6.55864422e+00	3.05559806e-04	3.77638828e-195	6.55894978e+00
8.02804844e+00	6.77249314e+00	1.89125097e-04	3.25873406e-225	6.77268226e+00
8.15276334e+00	6.98454752e+00	1.14337564e-04	1.46936074e-258	6.98466186e+00
8.27430367e+00	7.19434925e+00	6.77288826e-05	2.73721719e-295	7.19441698e+00
8.39254706e+00	7.40143920e+00	3.94303767e-05	0.00000000e+00	7.40147863e+00
8.50737444e+00	7.60535869e+00	2.26289959e-05	0.00000000e+00	7.60538132e+00
8.61867019e+00	7.80565100e+00	1.28405168e-05	0.00000000e+00	7.80566384e+00
8.72632225e+00	8.00186277e+00	7.22586274e-06	0.00000000e+00	8.00186999e+00
8.83022222e+00	8.19354553e+00	4.04481104e-06	0.00000000e+00	8.19354957e+00
8.93026547e+00	8.38025714e+00	2.25905496e-06	0.00000000e+00	8.38025940e+00
9.02635129e+00	8.56156323e+00	1.26272415e-06	0.00000000e+00	8.56156449e+00
9.11838291e+00	8.73703864e+00	7.08554405e-07	0.00000000e+00	8.73703935e+00
9.20626766e+00	8.90626884e+00	4.00360310e-07	0.00000000e+00	8.90626924e+00
9.28991707e+00	9.06885127e+00	2.28482204e-07	0.00000000e+00	9.06885150e+00
9.36924689e+00	9.22439670e+00	1.32093883e-07	0.00000000e+00	9.22439683e+00
9.44417724e+00	9.37253053e+00	7.75936102e-08	0.00000000e+00	9.37253061e+00
9.51463269e+00	9.51289405e+00	4.64438122e-08	0.00000000e+00	9.51289410e+00
9.58054229e+00	9.64514564e+00	2.84065541e-08	0.00000000e+00	9.64514567e+00
9.64183967e+00	9.76896191e+00	1.78024000e-08	0.00000000e+00	9.76896192e+00
9.69846310e+00	9.88403880e+00	1.14609299e-08	0.00000000e+00	9.88403881e+00
9.75035559e+00	9.99009261e+00	7.59831093e-09	0.00000000e+00	9.99009262e+00
9.79746487e+00	1.00868610e+01	5.19978755e-09	0.00000000e+00	1.00868610e+01
9.83974351e+00	1.01741037e+01	3.68082662e-09	0.00000000e+00	1.01741037e+01
9.87714893e+00	1.02516037e+01	2.70048862e-09	0.00000000e+00	1.02516037e+01
9.90964349e+00	1.03191676e+01	2.05707549e-09	0.00000000e+00	1.03191676e+01
9.93719444e+00	1.03766264e+01	1.62951228e-09	0.00000000e+00	1.03766264e+01
9.95977406e+00	1.04238362e+01	1.34416351e-09	0.00000000e+00	1.04238362e+01
9.97735961e+00	1.04606786e+01	1.15589056e-09	0.00000000e+00	1.04606786e+01
9.98993338e+00	1.04870609e+01	1.03712484e-09	0.00000000e+00	1.04870609e+01
9.99748271e+00	1.05029169e+01	9.71558458e-10	0.00000000e+00	1.05029169e+01
1.00000000e+01	1.05082067e+01	9.50596905e-10	0.00000000e+00	1.05082067e+01
