0.00000000e+00	0.00000000e+00	-2.27976230e-02	1.17581359e-04	-2.26800416e-02
2.51728808e-03	6.65877661e-07	-2.27975830e-02	1.17583007e-04	-2.26793341e-02
1.00666176e-02	1.06486794e-05	-2.27969848e-02	1.17608094e-04	-2.26687280e-02
2.26403871e-02	5.38637149e-05	-2.27943972e-02	1.17716867e-04	-2.26228166e-02
4.02259358e-02	1.70036015e-04	-2.27874456e-02	1.18009055e-04	-2.24994005e-02
6.28055566e-02	4.14500199e-04	-2.27728332e-02	1.18621478e-04	-2.22397116e-02
9.03565137e-02	8.57921471e-04	-2.27463936e-02	1.19723984e-04	-2.17687481e-02
1.22851066e-01	1.58593893e-03	-2.27031599e-02	1.21510480e-04	-2.09957105e-02
1.60256493e-01	2.69873272e-03	-2.26375000e-02	1.24184810e-04	-1.98145825e-02
2.02535132e-01	4.31051678e-03	-2.25433016e-02	1.27940468e-04	-1.81048443e-02
2.49644411e-01	6.54895946e-03	-2.24142589e-02	1.32933937e-04	-1.57323655e-02
3.01536896e-01	9.55453434e-03	-2.22442495e-02	1.39252546e-04	-1.25504626e-02
3.58160335e-01	1.34798041e-02	-2.20278194e-02	1.46885803e-04	-8.40112955e-03
4.19457713e-01	1.84886404e-02	-2.17607886e-02	1.55703361e-04	-3.11644493e-03
4.85367309e-01	2.47553829e-02	-2.14408860e-02	1.65453285e-04	3.47995019e-03
5.55822757e-01	3.24639420e-02	-2.10683544e-02	1.75786152e-04	1.15713737e-02
6.30753115e-01	4.18068468e-02	-2.06462843e-02	1.86306483e-04	2.13468690e-02
7.10082934e-01	5.29842456e-02	-2.01804944e-02	1.96637089e-04	3.30003883e-02
7.93732336e-01	6.62028601e-02	-1.96787582e-02	2.06474370e-04	4.67305762e-02
8.81617093e-01	8.16748995e-02	-1.91494569e-02	2.15613161e-04	6.27410558e-02
9.73648712e-01	9.96169391e-02	-1.85999996e-02	2.23937963e-04	8.12408775e-02
1.06973453e+00	1.20248767e-01	-1.80355715e-02	2.31394317e-04	1.02444590e-01
1.16977778e+00	1.43792205e-01	-1.74585699e-02	2.37959577e-04	1.26571595e-01
1.27367775e+00	1.70469910e-01	-1.68688079e-02	2.43621821e-04	1.53844724e-01
1.38132981e+00	2.00504154e-01	-1.62642455e-02	2.48363183e-04	1.84488271e-01
1.49262556e+00	2.34115601e-01	-1.56419348e-02	2.52143682e-04	2.18725810e-01
1.60745294e+00	2.71522073e-01	-1.49989310e-02	2.54880277e-04	2.56778023e-01
1.72569633e+00	3.12937318e-01	-1.43330283e-02	2.56422619e-04	2.98860713e-01
1.84723666e+00	3.58569781e-01	-1.36432635e-02	2.56523395e-04	3.45183041e-01
1.97195156e+00	4.08621386e-01	-1.29301654e-02	2.54810018e-04	3.95946030e-01
2.09971545e+00	4.63286339e-01	-1.21957481e-02	2.50762196e-04	4.51341353e-01
2.23039968e+00	5.22749943e-01	-1.14432676e-02	2.43707695e-04	5.11550383e-01
2.36387266e+00	5.87187446e-01	-1.06767438e-02	2.32864038e-04	5.76743566e-01
2.50000000e+00	6.56762917e-01	-9.90031799e-03	2.17453009e-04	6.47080052e-01
2.63864463e+00	7.31628158e-01	-9.11752337e-03	1.96920139e-04	7.22707555e-01
2.77966694e+00	8.11921661e-01	-8.33067460e-03	1.71260641e-04	8.03762248e-01
2.92292493e+00	8.97767604e-01	-7.54065123e-03	1.41374698e-04	8.90368328e-01
3.06827437e+00	9.89274901e-01	-6.74740608e-03	1.09271476e-04	9.82636766e-01
3.21556889e+00	1.08653631e+00	-5.95162821e-03	7.78767714e-05	1.08066255e+00
3.36466018e+00	1.18962758e+00	-5.15784723e-03	5.03244293e-05	1.18452005e+00
3.51539812e+00	1.29860670e+00	-4.37885525e-03	2.89483853e-05	1.29425679e+00
3.66763093e+00	1.41351317e+00	-3.64065024e-03	1.45182592e-05	1.40988704e+00
3.82120532e+00	1.53436737e+00	-2.98575817e-03	6.19293602e-06	1.53138780e+00
3.97596666e+00	1.66116998e+00	-2.47142717e-03	2.17837075e-06	1.65870073e+00
4.13175911e+00	1.79390150e+00	-2.15846861e-03	6.07263830e-07	1.79174364e+00
4.28842581e+00	1.93252183e+00	-2.08840636e-03	1.27471353e-07	1.93043355e+00
4.44580900e+00	2.07696992e+00	-2.25258801e-03	1.88720609e-08	2.07471735e+00
4.60375022e+00	2.22716355e+00	-2.56617068e-03	1.81401673e-09	2.22459738e+00
4.76209042e+00	2.38299911e+00	-2.86682417e-03	1.02081876e-10	2.38013229e+00
4.92067018e+00	2.54435156e+00	-2.95300565e-03	2.95962688e-12	2.54139855e+00
5.07932982e+00	2.71107438e+00	-2.65569117e-03	3.78291351e-14	2.70841869e+00
5.23790958e+00	2.88299972e+00	-1.91204023e-03	1.76727772e-16	2.88108768e+00
5.39624978e+00	3.05993847e+00	-8.01116183e-04	2.41415662e-19	3.05913736e+00
5.55419100e+00	3.24168063e+00	4.78370792e-04	7.44466693e-23	3.24215900e+00
5.71157419e+00	3.42799556e+00	1.67604348e-03	3.83089988e-27	3.42967160e+00
5.86824089e+00	3.61863244e+00	2.57179019e-03	2.33275147e-32	3.62120423e+00
6.02403334e+00	3.81332077e+00	3.04000546e-03	1.14299371e-38	3.81636078e+00
6.17879468e+00	4.01177099e+00	3.07519958e-03	2.93048190e-46	4.01484618e+00
6.33236907e+00	4.21367507e+00	2.77314366e-03	2.43673929e-55	4.21644822e+00
6.48460188e+00	4.41870737e+00	2.28007571e-03	3.90858637e-66	4.42098744e+00
6.63533982e+00	4.62652533e+00	1.73656196e-03	6.86696381e-79	4.62826189e+00
6.78443111e+00	4.83677048e+00	1.24081870e-03	7.16927318e-94	4.83801130e+00
6.93172563e+00	5.04906933e+00	8.40419671e-04	2.34592399e-111	5.04990975e+00
7.07707507e+00	5.26303441e+00	5.43948489e-04	1.24675477e-131	5.26357836e+00
7.22033306e+00	5.47826540e+00	3.38431509e-04	4.75119621e-155	5.47860383e+00
7.36135537e+00	5.69435021e+00	2.03288775e-04	7.95261620e-182	5.69455350e+00
7.50000000e+00	5.91086625e+00	1.18286273e-04	2.83810707e-212	5.91098454e+00
7.63612734e+00	6.12738162e+00	6.68625721e-05	1.14760617e-246	6.12744848e+00
7.76960032e+00	6.34345645e+00	3.68168028e-05	2.91910932e-285	6.34349327e+00
7.90028455e+00	6.55864422e+00	1.98019078e-05	0.00000000e+00	6.55866402e+00
8.02804844e+00	6.77249314e+00	1.04316925e-05	0.00000000e+00	6.77250357e+00
8.15276334e+00	6.98454752e+00	5.39772899e-06	0.00000000e+00	6.98455292e+00
8.27430367e+00	7.19434925e+00	2.75112604e-06	0.00000000e+00	7.19435200e+00
8.39254706e+00	7.40143920e+00	1.38512955e-06	0.00000000e+00	7.40144058e+00
8.50737444e+00	7.60535869e+00	6.90906120e-07	0.00000000e+00	7.60535938e+00
8.61867019e+00	7.80565100e+00	3.42413874e-07	0.00000000e+00	7.80565134e+00
8.72632225e+00	8.00186277e+00	1.69112412e-07	0.00000000e+00	8.00186294e+00
8.83022222e+00	8.19354553e+00	8.34735028e-08	0.00000000e+00	8.19354561e+00
8.93026547e+00	8.38025714e+00	4.13018639e-08	0.00000000e+00	8.38025718e+00
9.02635129e+00	8.56156323e+00	2.05452815e-08	0.00000000e+00	8.56156325e+00
9.11838291e+00	8.73703864e+00	1.03061915e-08	0.00000000e+00	8.73703865e+00
9.20626766e+00	8.90626884e+00	5.22893155e-09	0.00000000e+00	8.90626885e+00
9.28991707e+00	9.06885127e+00	2.69129739e-09	0.00000000e+00	9.06885127e+00
9.36924689e+00	9.22439670e+00	1.40921441e-09	0.00000000e+00	9.22439670e+00
9.44417724e+00	9.37253053e+00	7.52723448e-10	0.00000000e+00	9.37253053e+00
9.51463269e+00	9.51289405e+00	4.11197533e-10	0.00000000e+00	9.51289405e+00
9.58054229e+00	9.64514564e+00	2.30237504e-10	0.00000000e+00	9.64514564e+00
9.64183967e+00	9.76896191e+00	1.32368779e-10	0.00000000e+00	9.76896191e+00
9.69846310e+00	9.88403880e+00	7.82789218e-11	0.00000000e+00	9.88403880e+00
9.75035559e+00	9.99009261e+00	4.76761749e-11	0.00000000e+00	9.99009261e+00
9.79746487e+00	1.00868610e+01	2.99438534e-11	0.00000000e+00	1.00868610e+01
9.83974351e+00	1.01741037e+01	1.94245959e-11	0.00000000e+00	1.01741037e+01
9.87714893e+00	1.02516037e+01	1.30385306e-11	0.00000000e+00	1.02516037e+01
9.90964349e+00	1.03191676e+01	9.07644640e-12	0.00000000e+00	1.03191676e+01
9.93719444e+00	1.03766264e+01	6.57169660e-12	0.00000000e+00	1.03766264e+01
9.95977406e+00	1.04238362e+01	4.97780323e-12	0.00000000e+00	1.04238362e+01
9.97735961e+00	1.04606786e+01	3.96622647e-12	0.00000000e+00	1.04606786e+01
9.98993338e+00	1.04870609e+01	3.34884109e-12	0.00000000e+00	1.04870609e+01
9.99748271e+00	1.05029169e+01	3.01540709e-12	0.00000000e+00	1.05029169e+01
1.00000000e+01	1.05082067e+01	2.91007769e-12	0.00000000e+00	1.05082067e+01
