0.00000000e+00	0.00000000e+00	-2.88949297e-01	7.28695377e-02	-2.16079759e-01
2.51728808e-03	6.65877661e-07	-2.88949126e-01	7.28696066e-02	-2.16078853e-01
1.00666176e-02	1.06486794e-05	-2.88946567e-01	7.28709044e-02	-2.16065014e-01
2.26403871e-02	5.38637149e-05	-2.88935513e-01	7.28765723e-02	-2.16005077e-01
4.02259358e-02	1.70036015e-04	-2.88905817e-01	7.28918694e-02	-2.15843912e-01
6.28055566e-02	4.14500199e-04	-2.88843283e-01	7.29240983e-02	-2.15504684e-01
9.03565137e-02	8.57921471e-04	-2.88729908e-01	7.29825716e-02	-2.14889415e-01
1.22851066e-01	1.58593893e-03	-2.88543780e-01	7.30781961e-02	-2.13879645e-01
1.60256493e-01	2.69873272e-03	-2.88259412e-01	7.32232520e-02	-2.12337427e-01
2.02535132e-01	4.31051678e-03	-2.87847765e-01	7.34310633e-02	-2.10106185e-01
2.49644411e-01	6.54895946e-03	-2.87276584e-01	7.37149798e-02	-2.07012644e-01
3.01536896e-01	9.55453434e-03	-2.86510549e-01	7.40875953e-02	-2.02868420e-01
3.58160335e-01	1.34798041e-02	-2.85511733e-01	7.45595117e-02	-1.97472418e-01
4.19457713e-01	1.84886404e-02	-2.84239848e-01	7.51375933e-02	-1.90613614e-01
4.85367309e-01	2.47553829e-02	-2.82652740e-01	7.58229351e-02	-1.82074422e-01
5.55822757e-01	3.24639420e-02	-2.80706963e-01	7.66088653e-02	-1.71634156e-01
6.30753115e-01	4.18068468e-02	-2.78358381e-01	7.74784217e-02	-1.59073113e-01
7.10082934e-01	5.29842456e-02	-2.75562883e-01	7.84014988e-02	-1.44177139e-01
7.93732336e-01	6.62028601e-02	-2.72277360e-01	7.93328491e-02	-1.26741651e-01
8.81617093e-01	8.16748995e-02	-2.68460768e-01	8.02091423e-02	-1.06576726e-01
9.73648712e-01	9.96169391e-02	-2.64075604e-01	8.09484888e-02	-8.35101762e-02
1.06973453e+00	1.20248767e-01	-2.59089646e-01	8.14500338e-02	-5.73908452e-02
1.16977778e+00	1.43792205e-01	-2.53478426e-01	8.15968143e-02	-2.80894063e-02
1.27367775e+00	1.70469910e-01	-2.47228285e-01	8.12612326e-02	4.50285753e-03
1.38132981e+00	2.00504154e-01	-2.40340400e-01	8.03151130e-02	4.04788661e-02
1.49262556e+00	2.34115601e-01	-2.32834779e-01	7.86442286e-02	7.99250508e-02
1.60745294e+00	2.71522073e-01	-2.24752904e-01	7.61660225e-02	1.22935192e-01
1.72569633e+00	3.12937318e-01	-2.16156250e-01	7.28456354e-02	1.69626704e-01
1.84723666e+00	3.58569781e-01	-2.07118927e-01	6.87047273e-02	2.20155581e-01
1.97195156e+00	4.08621386e-01	-1.97716634e-01	6.38214921e-02	2.74726244e-01
2.09971545e+00	4.63286339e-01	-1.88018929e-01	5.83244664e-02	3.33591876e-01
2.23039968e+00	5.22749943e-01	-1.78090063e-01	5.23828977e-02	3.97042778e-01
2.36387266e+00	5.87187446e-01	-1.67999674e-01	4.61931250e-02	4.65380897e-01
2.50000000e+00	6.56762917e-01	-1.57839556e-01	3.99612799e-02	5.38884641e-01
2.63864463e+00	7.31628158e-01	-1.47742866e-01	3.38829904e-02	6.17768282e-01
2.77966694e+00	8.11921661e-01	-1.37898948e-01	2.81276999e-02	7.02150413e-01
2.92292493e+00	8.97767604e-01	-1.28554628e-01	2.28286821e-02	7.92041658e-01
3.06827437e+00	9.89274901e-01	-1.19987015e-01	1.80804068e-02	8.87368292e-01
3.21556889e+00	1.08653631e+00	-1.12436153e-01	1.39397274e-02	9.88039881e-01
3.36466018e+00	1.18962758e+00	-1.05999761e-01	1.04293641e-02	1.09405718e+00
3.51539812e+00	1.29860670e+00	-1.00522967e-01	7.54242468e-03	1.20562616e+00
3.66763093e+00	1.41351317e+00	-9.55468468e-02	5.24666317e-03	1.32321299e+00
3.82120532e+00	1.53436737e+00	-9.03789714e-02	3.48911867e-03	1.44747751e+00
3.97596666e+00	1.66116998e+00	-8.42943956e-02	2.20143047e-03	1.57907701e+00
4.13175911e+00	1.79390150e+00	-7.67855779e-02	1.30535524e-03	1.71842128e+00
4.28842581e+00	1.93252183e+00	-6.77309326e-02	7.18833643e-04	1.86550973e+00
4.44580900e+00	2.07696992e+00	-5.73971140e-02	3.62179163e-04	2.01993499e+00
4.60375022e+00	2.22716355e+00	-4.62998899e-02	1.63857682e-04	2.18102752e+00
4.76209042e+00	2.38299911e+00	-3.50212341e-02	6.50094890e-05	2.34804289e+00
4.92067018e+00	2.54435156e+00	-2.40712181e-02	2.19543179e-05	2.52030229e+00
5.07932982e+00	2.71107438e+00	-1.38244114e-02	6.07874745e-06	2.69725605e+00
5.23790958e+00	2.88299972e+00	-4.51283718e-03	1.31658456e-06	2.87848820e+00
5.39624978e+00	3.05993847e+00	3.75112563e-03	2.10392537e-07	3.06368981e+00
5.55419100e+00	3.24168063e+00	1.09396388e-02	2.30749904e-08	3.25262029e+00
5.71157419e+00	3.42799556e+00	1.70737455e-02	1.59007350e-09	3.44506931e+00
5.86824089e+00	3.61863244e+00	2.21876331e-02	6.18731797e-11	3.64082007e+00
6.02403334e+00	3.81332077e+00	2.62968392e-02	1.19668294e-12	3.83961761e+00
6.17879468e+00	4.01177099e+00	2.93754872e-02	9.90841054e-15	4.04114647e+00
6.33236907e+00	4.21367507e+00	3.13477025e-02	2.95482261e-17	4.24502278e+00
6.48460188e+00	4.41870737e+00	3.21081540e-02	2.88046143e-20	4.45081552e+00
6.63533982e+00	4.62652533e+00	3.15727003e-02	6.37569249e-24	4.65809803e+00
6.78443111e+00	4.83677048e+00	2.97480139e-02	2.63580912e-28	4.86651849e+00
6.93172563e+00	5.04906933e+00	2.67910788e-02	1.55041241e-33	5.07586040e+00
7.07707507e+00	5.26303441e+00	2.30211983e-02	9.54375626e-40	5.28605561e+00
7.22033306e+00	5.47826540e+00	1.88670948e-02	4.52561203e-47	5.49713250e+00
7.36135537e+00	5.69435021e+00	1.47679508e-02	1.15451535e-55	5.70911817e+00
7.50000000e+00	5.91086625e+00	1.10736717e-02	1.18688574e-65	5.92193992e+00
7.63612734e+00	6.12738162e+00	7.98853091e-03	3.45802475e-77	6.13537015e+00
7.76960032e+00	6.34345645e+00	5.57091565e-03	2.19284769e-90	6.34902737e+00
7.90028455e+00	6.55864422e+00	3.77325929e-03	2.19596440e-105	6.56241748e+00
8.02804844e+00	6.77249314e+00	2.49273945e-03	2.66848970e-122	6.77498588e+00
8.15276334e+00	6.98454752e+00	1.61207197e-03	3.44534717e-141	6.98615959e+00
8.27430367e+00	7.19434925e+00	1.02381564e-03	1.48749235e-163	7.19537306e+00
8.39254706e+00	7.40143920e+00	6.40393429e-04	4.11829900e-187	7.40207959e+00
8.50737444e+00	7.60535869e+00	3.95630414e-04	6.31469103e-213	7.60575432e+00
8.61867019e+00	7.80565100e+00	2.42089805e-04	5.28600818e-241	7.80589309e+00
8.72632225e+00	8.00186277e+00	1.47145468e-04	2.58034367e-271	8.00200991e+00
8.83022222e+00	8.19354553e+00	8.90914371e-05	8.56176918e-304	8.19363462e+00
8.93026547e+00	8.38025714e+00	5.38842836e-05	0.00000000e+00	8.38031102e+00
9.02635129e+00	8.56156323e+00	3.26451291e-05	0.00000000e+00	8.56159587e+00
9.11838291e+00	8.73703864e+00	1.98638270e-05	0.00000000e+00	8.73705851e+00
9.20626766e+00	8.90626884e+00	1.21691669e-05	0.00000000e+00	8.90628101e+00
9.28991707e+00	9.06885127e+00	7.52548106e-06	0.00000000e+00	9.06885879e+00
9.36924689e+00	9.22439670e+00	4.70815396e-06	0.00000000e+00	9.22440140e+00
9.44417724e+00	9.37253053e+00	2.98692062e-06	0.00000000e+00	9.37253352e+00
9.51463269e+00	9.51289405e+00	1.92550862e-06	0.00000000e+00	9.51289598e+00
9.58054229e+00	9.64514564e+00	1.26396863e-06	0.00000000e+00	9.64514690e+00
9.64183967e+00	9.76896191e+00	8.46511440e-07	0.00000000e+00	9.76896275e+00
9.69846310e+00	9.88403880e+00	5.79476858e-07	0.00000000e+00	9.88403938e+00
9.75035559e+00	9.99009261e+00	4.06149270e-07	0.00000000e+00	9.99009302e+00
9.79746487e+00	1.00868610e+01	2.92059726e-07	0.00000000e+00	1.00868613e+01
9.83974351e+00	1.01741037e+01	2.15790834e-07	0.00000000e+00	1.01741039e+01
9.87714893e+00	1.02516037e+01	1.64172925e-07	0.00000000e+00	1.02516039e+01
9.90964349e+00	1.03191676e+01	1.28824037e-07	0.00000000e+00	1.03191677e+01
9.93719444e+00	1.03766264e+01	1.04451997e-07	0.00000000e+00	1.03766265e+01
9.95977406e+00	1.04238362e+01	8.76971575e-08	0.00000000e+00	1.04238363e+01
9.97735961e+00	1.04606786e+01	7.63809327e-08	0.00000000e+00	1.04606786e+01
9.98993338e+00	1.04870609e+01	6.90971150e-08	0.00000000e+00	1.04870610e+01
9.99748271e+00	1.05029169e+01	6.50413007e-08	0.00000000e+00	1.05029170e+01
1.00000000e+01	1.05082067e+01	6.37363448e-08	0.00000000e+00	1.05082067e+01
