0.00000000e+00	0.00000000e+00	-1.85322440e-01	2.61712121e-02	-1.59151228e-01
2.51728808e-03	6.65877661e-07	-1.85322314e-01	2.61712600e-02	-1.59150388e-01
1.00666176e-02	1.06486794e-05	-1.85320438e-01	2.61720755e-02	-1.59137714e-01
2.26403871e-02	5.38637149e-05	-1.85312332e-01	2.61756359e-02	-1.59082832e-01
4.02259358e-02	1.70036015e-04	-1.85290548e-01	2.61852249e-02	-1.58935287e-01
6.28055566e-02	4.14500199e-04	-1.85244683e-01	2.62054591e-02	-1.58624724e-01
9.03565137e-02	8.57921471e-04	-1.85161518e-01	2.62420882e-02	-1.58061508e-01
1.22851066e-01	1.58593893e-03	-1.85024981e-01	2.63019643e-02	-1.57137078e-01
1.60256493e-01	2.69873272e-03	-1.84816331e-01	2.63928412e-02	-1.55724757e-01
2.02535132e-01	4.31051678e-03	-1.84514172e-01	2.65231058e-02	-1.53680549e-01
2.49644411e-01	6.54895946e-03	-1.84094693e-01	2.67012091e-02	-1.50844525e-01
3.01536896e-01	9.55453434e-03	-1.83531716e-01	2.69352834e-02	-1.47041898e-01
3.58160335e-01	1.34798041e-02	-1.82797019e-01	2.72323192e-02	-1.42084896e-01
4.19457713e-01	1.84886404e-02	-1.81860436e-01	2.75971800e-02	-1.35774616e-01
4.85367309e-01	2.47553829e-02	-1.80690294e-01	2.80316933e-02	-1.27903218e-01
5.55822757e-01	3.24639420e-02	-1.79253705e-01	2.85332876e-02	-1.18256475e-01
6.30753115e-01	4.18068468e-02	-1.77517190e-01	2.90937992e-02	-1.06616544e-01
7.10082934e-01	5.29842456e-02	-1.75447359e-01	2.96984103e-02	-9.27647030e-02
7.93732336e-01	6.62028601e-02	-1.73011999e-01	3.03243952e-02	-7.64847434e-02
8.81617093e-01	8.16748995e-02	-1.70181517e-01	3.09410074e-02	-5.75656103e-02
9.73648712e-01	9.96169391e-02	-1.66930974e-01	3.15094690e-02	-3.58045659e-02
1.06973453e+00	1.20248767e-01	-1.63242777e-01	3.19844222e-02	-1.10095875e-02
1.16977778e+00	1.43792205e-01	-1.59109926e-01	3.23168717e-02	1.69991508e-02
1.27367775e+00	1.70469910e-01	-1.54539305e-01	3.24584197e-02	4.83890247e-02
1.38132981e+00	2.00504154e-01	-1.49553662e-01	3.23661660e-02	8.33166574e-02
1.49262556e+00	2.34115601e-01	-1.44190333e-01	3.20060500e-02	1.21931318e-01
1.60745294e+00	2.71522073e-01	-1.38495466e-01	3.13533244e-02	1.64379932e-01
1.72569633e+00	3.12937318e-01	-1.32515351e-01	3.03899522e-02	2.10811920e-01
1.84723666e+00	3.58569781e-01	-1.26288767e-01	2.91027752e-02	2.61383789e-01
1.97195156e+00	4.08621386e-01	-1.19843769e-01	2.74853615e-02	3.16262978e-01
2.09971545e+00	4.63286339e-01	-1.13199019e-01	2.55440612e-02	3.75631381e-01
2.23039968e+00	5.22749943e-01	-1.06367641e-01	2.33059225e-02	4.39688224e-01
2.36387266e+00	5.87187446e-01	-9.93624933e-02	2.08246290e-02	5.08649581e-01
2.50000000e+00	6.56762917e-01	-9.22024358e-02	1.81811192e-02	5.82741600e-01
2.63864463e+00	7.31628158e-01	-8.49206126e-02	1.54765563e-02	6.62184102e-01
2.77966694e+00	8.11921661e-01	-7.75751766e-02	1.28195216e-02	7.47166007e-01
2.92292493e+00	8.97767604e-01	-7.02616185e-02	1.03113385e-02	8.37817324e-01
3.06827437e+00	9.89274901e-01	-6.31232831e-02	8.03445045e-03	9.34186068e-01
3.21556889e+00	1.08653631e+00	-5.63529398e-02	6.04596144e-03	1.03622933e+00
3.36466018e+00	1.18962758e+00	-5.01754745e-02	4.37636004e-03	1.14382846e+00
3.51539812e+00	1.29860670e+00	-4.48031502e-02	3.03157142e-03	1.25683512e+00
3.66763093e+00	1.41351317e+00	-4.03654056e-02	1.99651211e-03	1.37514428e+00
3.82120532e+00	1.53436737e+00	-3.68333258e-02	1.23966403e-03	1.49877371e+00
3.97596666e+00	1.66116998e+00	-3.39790333e-02	7.18106254e-04	1.62790905e+00
4.13175911e+00	1.79390150e+00	-3.14110460e-02	3.82952288e-04	1.76287340e+00
4.28842581e+00	1.93252183e+00	-2.86916520e-02	1.84867415e-04	1.90401504e+00
4.44580900e+00	2.07696992e+00	-2.54885488e-02	7.90844967e-05	2.05156046e+00
4.60375022e+00	2.22716355e+00	-2.16798337e-02	2.91829866e-05	2.20551290e+00
4.76209042e+00	2.38299911e+00	-1.73591159e-02	8.97798112e-06	2.36564897e+00
4.92067018e+00	2.54435156e+00	-1.27560818e-02	2.20585917e-06	2.53159768e+00
5.07932982e+00	2.71107438e+00	-8.13139538e-03	4.10115413e-07	2.70294340e+00
5.23790958e+00	2.88299972e+00	-3.70085152e-03	5.39451245e-08	2.87929892e+00
5.39624978e+00	3.05993847e+00	3.94650997e-04	4.61965065e-09	3.06033313e+00
5.55419100e+00	3.24168063e+00	4.08289264e-03	2.32718410e-10	3.24576352e+00
5.71157419e+00	3.42799556e+00	7.33340793e-03	6.09809546e-12	3.43532897e+00
5.86824089e+00	3.61863244e+00	1.01242695e-02	7.18170692e-14	3.62875671e+00
6.02403334e+00	3.81332077e+00	1.24129088e-02	3.20070220e-16	3.82573368e+00
6.17879468e+00	4.01177099e+00	1.41227127e-02	4.62288137e-19	4.02589370e+00
6.33236907e+00	4.21367507e+00	1.51517417e-02	1.63943914e-22	4.22882682e+00
6.48460188e+00	4.41870737e+00	1.54086533e-02	1.13173714e-26	4.43411602e+00
6.63533982e+00	4.62652533e+00	1.48624324e-02	1.14361466e-31	4.64138776e+00
6.78443111e+00	4.83677048e+00	1.35851143e-02	1.22311774e-37	4.85035559e+00
6.93172563e+00	5.04906933e+00	1.17608700e-02	9.86864215e-45	5.06083020e+00
7.07707507e+00	5.26303441e+00	9.65026627e-03	4.12780079e-53	5.27268468e+00
7.22033306e+00	5.47826540e+00	7.52373101e-03	6.03383682e-63	5.48578913e+00
7.36135537e+00	5.69435021e+00	5.59627224e-03	2.13819513e-74	5.69994649e+00
7.50000000e+00	5.91086625e+00	3.99192364e-03	1.18554168e-87	5.91485817e+00
7.63612734e+00	6.12738162e+00	2.74587903e-03	7.44063576e-103	6.13012750e+00
7.76960032e+00	6.34345645e+00	1.83079403e-03	3.53166423e-120	6.34528724e+00
7.90028455e+00	6.55864422e+00	1.18845914e-03	9.09780794e-140	6.55983268e+00
8.02804844e+00	6.77249314e+00	7.53895854e-04	1.51095431e-162	6.77324703e+00
8.15276334e+00	6.98454752e+00	4.68774116e-04	2.71043888e-187	6.98501629e+00
8.27430367e+00	7.19434925e+00	2.86514482e-04	1.08042803e-214	7.19463576e+00
8.39254706e+00	7.40143920e+00	1.72588428e-04	8.22054268e-245	7.40161178e+00
8.50737444e+00	7.60535869e+00	1.02732142e-04	1.10898231e-277	7.60546142e+00
8.61867019e+00	7.80565100e+00	6.05883698e-05	0.00000000e+00	7.80571159e+00
8.72632225e+00	8.00186277e+00	3.55002875e-05	0.00000000e+00	8.00189827e+00
8.83022222e+00	8.19354553e+00	2.07217226e-05	0.00000000e+00	8.19356625e+00
8.93026547e+00	8.38025714e+00	1.20826741e-05	0.00000000e+00	8.38026922e+00
9.02635129e+00	8.56156323e+00	7.05743028e-06	0.00000000e+00	8.56157028e+00
9.11838291e+00	8.73703864e+00	4.14061621e-06	0.00000000e+00	8.73704278e+00
9.20626766e+00	8.90626884e+00	2.44682437e-06	0.00000000e+00	8.90627129e+00
9.28991707e+00	9.06885127e+00	1.46028791e-06	0.00000000e+00	9.06885273e+00
9.36924689e+00	9.22439670e+00	8.82507024e-07	0.00000000e+00	9.22439758e+00
9.44417724e+00	9.37253053e+00	5.41484949e-07	0.00000000e+00	9.37253107e+00
9.51463269e+00	9.51289405e+00	3.38169853e-07	0.00000000e+00	9.51289439e+00
9.58054229e+00	9.64514564e+00	2.15495762e-07	0.00000000e+00	9.64514586e+00
9.64183967e+00	9.76896191e+00	1.40456577e-07	0.00000000e+00	9.76896205e+00
9.69846310e+00	9.88403880e+00	9.38498191e-08	0.00000000e+00	9.88403889e+00
9.75035559e+00	9.99009261e+00	6.44258088e-08	0.00000000e+00	9.99009268e+00
9.79746487e+00	1.00868610e+01	4.55322742e-08	0.00000000e+00	1.00868610e+01
9.83974351e+00	1.01741037e+01	3.31935840e-08	0.00000000e+00	1.01741038e+01
9.87714893e+00	1.02516037e+01	2.50050365e-08	0.00000000e+00	1.02516038e+01
9.90964349e+00	1.03191676e+01	1.94947711e-08	0.00000000e+00	1.03191676e+01
9.93719444e+00	1.03766264e+01	1.57530023e-08	0.00000000e+00	1.03766264e+01
9.95977406e+00	1.04238362e+01	1.32094438e-08	0.00000000e+00	1.04238362e+01
9.97735961e+00	1.04606786e+01	1.15059963e-08	0.00000000e+00	1.04606786e+01
9.98993338e+00	1.04870609e+01	1.04195794e-08	0.00000000e+00	1.04870609e+01
9.99748271e+00	1.05029169e+01	9.81522108e-09	0.00000000e+00	1.05029169e+01
1.00000000e+01	1.05082067e+01	9.62129044e-09	0.00000000e+00	1.05082067e+01
