0.00000000e+00	0.00000000e+00	-2.37868726e-01	5.46944324e-02	-1.83174293e-01
2.51728808e-03	6.65877661e-07	-2.37868556e-01	5.46944967e-02	-1.83173394e-01
1.00666176e-02	1.06486794e-05	-2.37866024e-01	5.46956665e-02	-1.83159709e-01
2.26403871e-02	5.38637149e-05	-2.37855083e-01	5.47007825e-02	-1.83100437e-01
4.02259358e-02	1.70036015e-04	-2.37825676e-01	5.47145648e-02	-1.82941075e-01
6.28055566e-02	4.14500199e-04	-2.37763771e-01	5.47436375e-02	-1.82605633e-01
9.03565137e-02	8.57921471e-04	-2.37651525e-01	5.47963543e-02	-1.81997249e-01
1.22851066e-01	1.58593893e-03	-2.37467255e-01	5.48825132e-02	-1.80998803e-01
1.60256493e-01	2.69873272e-03	-2.37185688e-01	5.50132721e-02	-1.79473683e-01
2.02535132e-01	4.31051678e-03	-2.36778008e-01	5.52007178e-02	-1.77266774e-01
2.49644411e-01	6.54895946e-03	-2.36212138e-01	5.54571088e-02	-1.74206070e-01
3.01536896e-01	9.55453434e-03	-2.35452969e-01	5.57940445e-02	-1.70104390e-01
3.58160335e-01	1.34798041e-02	-2.34462524e-01	5.62214604e-02	-1.64761259e-01
4.19457713e-01	1.84886404e-02	-2.33200402e-01	5.67463149e-02	-1.57965446e-01
4.85367309e-01	2.47553829e-02	-2.31624133e-01	5.73708669e-02	-1.49497883e-01
5.55822757e-01	3.24639420e-02	-2.29689597e-01	5.80905849e-02	-1.39135070e-01
6.30753115e-01	4.18068468e-02	-2.27351580e-01	5.88925131e-02	-1.26652220e-01
7.10082934e-01	5.29842456e-02	-2.24564527e-01	5.97527930e-02	-1.11827488e-01
7.93732336e-01	6.62028601e-02	-2.21283349e-01	6.06348619e-02	-9.44456270e-02
8.81617093e-01	8.16748995e-02	-2.17464556e-01	6.14875891e-02	-7.43020678e-02
9.73648712e-01	9.96169391e-02	-2.13067687e-01	6.22445120e-02	-5.12062360e-02
1.06973453e+00	1.20248767e-01	-2.08057273e-01	6.28242419e-02	-2.49842645e-02
1.16977778e+00	1.43792205e-01	-2.02405437e-01	6.31327921e-02	4.51955999e-03
1.27367775e+00	1.70469910e-01	-1.96095290e-01	6.30689287e-02	3.74435481e-02
1.38132981e+00	2.00504154e-01	-1.89124675e-01	6.25324708e-02	7.39119497e-02
1.49262556e+00	2.34115601e-01	-1.81509293e-01	6.14354717e-02	1.14041780e-01
1.60745294e+00	2.71522073e-01	-1.73283042e-01	5.97142708e-02	1.57953302e-01
1.72569633e+00	3.12937318e-01	-1.64493151e-01	5.73381294e-02	2.05782297e-01
1.84723666e+00	3.58569781e-01	-1.55190576e-01	5.43123717e-02	2.57691576e-01
1.97195156e+00	4.08621386e-01	-1.45420351e-01	5.06783573e-02	3.13879392e-01
2.09971545e+00	4.63286339e-01	-1.35217433e-01	4.65140451e-02	3.74582951e-01
2.23039968e+00	5.22749943e-01	-1.24611199e-01	4.19341354e-02	4.40072879e-01
2.36387266e+00	5.87187446e-01	-1.13636386e-01	3.70853665e-02	5.10636426e-01
2.50000000e+00	6.56762917e-01	-1.02348137e-01	3.21344041e-02	5.86549184e-01
2.63864463e+00	7.31628158e-01	-9.08392894e-02	2.72503740e-02	6.68039243e-01
2.77966694e+00	8.11921661e-01	-7.92575289e-02	2.25874852e-02	7.55251618e-01
2.92292493e+00	8.97767604e-01	-6.78188746e-02	1.82722618e-02	8.48220991e-01
3.06827437e+00	9.89274901e-01	-5.68102571e-02	1.43972022e-02	9.46861846e-01
3.21556889e+00	1.08653631e+00	-4.65729567e-02	1.10202561e-02	1.05098361e+00
3.36466018e+00	1.18962758e+00	-3.74596497e-02	8.16713718e-03	1.16033506e+00
3.51539812e+00	1.29860670e+00	-2.97660475e-02	5.83523757e-03	1.27467589e+00
3.66763093e+00	1.41351317e+00	-2.36512101e-02	3.99789050e-03	1.39385985e+00
3.82120532e+00	1.53436737e+00	-1.90804964e-02	2.60900370e-03	1.51789587e+00
3.97596666e+00	1.66116998e+00	-1.58219788e-02	1.60821529e-03	1.64695621e+00
4.13175911e+00	1.79390150e+00	-1.35154745e-02	9.26587949e-04	1.78131261e+00
4.28842581e+00	1.93252183e+00	-1.17854094e-02	4.92463772e-04	1.92122888e+00
4.44580900e+00	2.07696992e+00	-1.03446877e-02	2.37467288e-04	2.06686270e+00
4.60375022e+00	2.22716355e+00	-9.03958227e-03	1.01741153e-04	2.21822571e+00
4.76209042e+00	2.38299911e+00	-7.82985506e-03	3.77211913e-05	2.37520698e+00
4.92067018e+00	2.54435156e+00	-6.73311090e-03	1.17064873e-05	2.53763015e+00
5.07932982e+00	2.71107438e+00	-5.77148765e-03	2.91643192e-06	2.70530581e+00
5.23790958e+00	2.88299972e+00	-4.93921686e-03	5.53482097e-07	2.87806105e+00
5.39624978e+00	3.05993847e+00	-4.19360134e-03	7.49738360e-08	3.05574495e+00
5.55419100e+00	3.24168063e+00	-3.46149741e-03	6.69008886e-09	3.23821914e+00
5.71157419e+00	3.42799556e+00	-2.65667655e-03	3.56645085e-10	3.42533888e+00
5.86824089e+00	3.61863244e+00	-1.70325790e-03	1.00968757e-11	3.61692918e+00
6.02403334e+00	3.81332077e+00	-5.61161035e-04	1.32034233e-13	3.81275961e+00
6.17879468e+00	4.01177099e+00	7.53179013e-04	6.77219489e-16	4.01252416e+00
6.33236907e+00	4.21367507e+00	2.15699218e-03	1.17479155e-18	4.21583207e+00
6.48460188e+00	4.41870737e+00	3.51007901e-03	5.51871071e-22	4.42221744e+00
6.63533982e+00	4.62652533e+00	4.64413106e-03	5.30720284e-26	4.63116946e+00
6.78443111e+00	4.83677048e+00	5.40776090e-03	8.19220484e-31	4.84217824e+00
6.93172563e+00	5.04906933e+00	5.71207716e-03	1.50103386e-36	5.05478140e+00
7.07707507e+00	5.26303441e+00	5.55802455e-03	2.37255055e-43	5.26859244e+00
7.22033306e+00	5.47826540e+00	5.03277566e-03	2.29349673e-51	5.48329818e+00
7.36135537e+00	5.69435021e+00	4.27672523e-03	9.73988082e-61	5.69862694e+00
7.50000000e+00	5.91086625e+00	3.43794169e-03	1.27415953e-71	5.91430419e+00
7.63612734e+00	6.12738162e+00	2.63482107e-03	3.60235264e-84	6.13001644e+00
7.76960032e+00	6.34345645e+00	1.93937028e-03	1.69241545e-98	6.34539582e+00
7.90028455e+00	6.55864422e+00	1.37988584e-03	9.19880812e-115	6.56002411e+00
8.02804844e+00	6.77249314e+00	9.54216858e-04	4.55724668e-133	6.77344735e+00
8.15276334e+00	6.98454752e+00	6.44104084e-04	2.72160199e-154	6.98519162e+00
8.27430367e+00	7.19434925e+00	4.25893282e-04	1.36083772e-177	7.19477514e+00
8.39254706e+00	7.40143920e+00	2.76682825e-04	5.63439898e-203	7.40171588e+00
8.50737444e+00	7.60535869e+00	1.77089757e-04	9.35519362e-231	7.60553578e+00
8.61867019e+00	7.80565100e+00	1.11965151e-04	6.18774682e-261	7.80576296e+00
8.72632225e+00	8.00186277e+00	7.01128476e-05	1.76367017e-293	8.00193288e+00
8.83022222e+00	8.19354553e+00	4.36006738e-05	0.00000000e+00	8.19358913e+00
8.93026547e+00	8.38025714e+00	2.69980952e-05	0.00000000e+00	8.38028414e+00
9.02635129e+00	8.56156323e+00	1.66918659e-05	0.00000000e+00	8.56157992e+00
9.11838291e+00	8.73703864e+00	1.03321828e-05	0.00000000e+00	8.73704898e+00
9.20626766e+00	8.90626884e+00	6.42085157e-06	0.00000000e+00	8.90627526e+00
9.28991707e+00	9.06885127e+00	4.01691927e-06	0.00000000e+00	9.06885529e+00
9.36924689e+00	9.22439670e+00	2.53673093e-06	0.00000000e+00	9.22439923e+00
9.44417724e+00	9.37253053e+00	1.62145626e-06	0.00000000e+00	9.37253215e+00
9.51463269e+00	9.51289405e+00	1.05178077e-06	0.00000000e+00	9.51289510e+00
9.58054229e+00	9.64514564e+00	6.94140812e-07	0.00000000e+00	9.64514633e+00
9.64183967e+00	9.76896191e+00	4.67247114e-07	0.00000000e+00	9.76896237e+00
9.69846310e+00	9.88403880e+00	3.21548425e-07	0.00000000e+00	9.88403912e+00
9.75035559e+00	9.99009261e+00	2.26736411e-07	0.00000000e+00	9.99009284e+00
9.79746487e+00	1.00868610e+01	1.64167539e-07	0.00000000e+00	1.00868611e+01
9.83974351e+00	1.01741037e+01	1.22292120e-07	0.00000000e+00	1.01741039e+01
9.87714893e+00	1.02516037e+01	9.38934604e-08	0.00000000e+00	1.02516038e+01
9.90964349e+00	1.03191676e+01	7.44215747e-08	0.00000000e+00	1.03191677e+01
9.93719444e+00	1.03766264e+01	6.09831963e-08	0.00000000e+00	1.03766265e+01
9.95977406e+00	1.04238362e+01	5.17252345e-08	0.00000000e+00	1.04238363e+01
9.97735961e+00	1.04606786e+01	4.54589455e-08	0.00000000e+00	1.04606786e+01
9.98993338e+00	1.04870609e+01	4.14294697e-08	0.00000000e+00	1.04870609e+01
9.99748271e+00	1.05029169e+01	3.91762140e-08	0.00000000e+00	1.05029169e+01
1.00000000e+01	1.05082067e+01	3.84512126e-08	0.00000000e+00	1.05082067e+01
