0.00000000e+00	0.00000000e+00	-2.93611654e-01	8.28997785e-02	-2.10711876e-01
2.51728808e-03	6.65877661e-07	-2.93611472e-01	8.28998482e-02	-2.10710958e-01
1.00666176e-02	1.06486794e-05	-2.93608744e-01	8.29011923e-02	-2.10696903e-01
2.26403871e-02	5.38637149e-05	-2.93596958e-01	8.29070552e-02	-2.10636039e-01
4.02259358e-02	1.70036015e-04	-2.93565285e-01	8.29228823e-02	-2.10472367e-01
6.28055566e-02	4.14500199e-04	-2.93498606e-01	8.29562797e-02	-2.10127826e-01
9.03565137e-02	8.57921471e-04	-2.93377727e-01	8.30168115e-02	-2.09502994e-01
1.22851066e-01	1.58593893e-03	-2.93179293e-01	8.31157843e-02	-2.08477569e-01
1.60256493e-01	2.69873272e-03	-2.92876147e-01	8.32658661e-02	-2.06911548e-01
2.02535132e-01	4.31051678e-03	-2.92437321e-01	8.34807596e-02	-2.04646044e-01
2.49644411e-01	6.54895946e-03	-2.91828460e-01	8.37741562e-02	-2.01505345e-01
3.01536896e-01	9.55453434e-03	-2.91011950e-01	8.41589193e-02	-1.97298496e-01
3.58160335e-01	1.34798041e-02	-2.89947362e-01	8.46455862e-02	-1.91821971e-01
4.19457713e-01	1.84886404e-02	-2.88591799e-01	8.52404375e-02	-1.84862721e-01
4.85367309e-01	2.47553829e-02	-2.86900434e-01	8.59439502e-02	-1.76201100e-01
5.55822757e-01	3.24639420e-02	-2.84827005e-01	8.67476924e-02	-1.65615371e-01
6.30753115e-01	4.18068468e-02	-2.82324471e-01	8.76323347e-02	-1.52885289e-01
7.10082934e-01	5.29842456e-02	-2.79345876e-01	8.85641389e-02	-1.37797492e-01
7.93732336e-01	6.62028601e-02	-2.75845087e-01	8.94930130e-02	-1.20149214e-01
8.81617093e-01	8.16748995e-02	-2.71777924e-01	9.03491201e-02	-9.97539044e-02
9.73648712e-01	9.96169391e-02	-2.67103502e-01	9.10425496e-02	-7.64440138e-02
1.06973453e+00	1.20248767e-01	-2.61785748e-01	9.14626933e-02	-5.00742875e-02
1.16977778e+00	1.43792205e-01	-2.55795524e-01	9.14811926e-02	-2.05221260e-02
1.27367775e+00	1.70469910e-01	-2.49113439e-01	9.09582631e-02	1.23147335e-02
1.38132981e+00	2.00504154e-01	-2.41733344e-01	8.97530066e-02	4.85238166e-02
1.49262556e+00	2.34115601e-01	-2.33666216e-01	8.77397582e-02	8.81891435e-02
1.60745294e+00	2.71522073e-01	-2.24943273e-01	8.48282444e-02	1.31407045e-01
1.72569633e+00	3.12937318e-01	-2.15615702e-01	8.09830262e-02	1.78304643e-01
1.84723666e+00	3.58569781e-01	-2.05748617e-01	7.62352667e-02	2.29056430e-01
1.97195156e+00	4.08621386e-01	-1.95410268e-01	7.06831956e-02	2.83894314e-01
2.09971545e+00	4.63286339e-01	-1.84662739e-01	6.44820825e-02	3.43105683e-01
2.23039968e+00	5.22749943e-01	-1.73561425e-01	5.78286493e-02	4.07017167e-01
2.36387266e+00	5.87187446e-01	-1.62164560e-01	5.09438742e-02	4.75966760e-01
2.50000000e+00	6.56762917e-01	-1.50550716e-01	4.40515294e-02	5.50263730e-01
2.63864463e+00	7.31628158e-01	-1.38838962e-01	3.73588654e-02	6.30148062e-01
2.77966694e+00	8.11921661e-01	-1.27206200e-01	3.10414633e-02	7.15756925e-01
2.92292493e+00	8.97767604e-01	-1.15893571e-01	2.52355133e-02	8.07109546e-01
3.06827437e+00	9.89274901e-01	-1.05191225e-01	2.00360131e-02	9.04119689e-01
3.21556889e+00	1.08653631e+00	-9.53908699e-02	1.54992027e-02	1.00664464e+00
3.36466018e+00	1.18962758e+00	-8.67054744e-02	1.16464977e-02	1.11456860e+00
3.51539812e+00	1.29860670e+00	-7.91759200e-02	8.46876830e-03	1.22789955e+00
3.66763093e+00	1.41351317e+00	-7.26069438e-02	5.93122367e-03	1.34683745e+00
3.82120532e+00	1.53436737e+00	-6.65838033e-02	3.97757410e-03	1.47176114e+00
3.97596666e+00	1.66116998e+00	-6.05911054e-02	2.53563946e-03	1.60311451e+00
4.13175911e+00	1.79390150e+00	-5.41931799e-02	1.52270609e-03	1.74123102e+00
4.28842581e+00	1.93252183e+00	-4.71844088e-02	8.51707611e-04	1.88618912e+00
4.44580900e+00	2.07696992e+00	-3.96319597e-02	4.37464387e-04	2.03777543e+00
4.60375022e+00	2.22716355e+00	-3.18043713e-02	2.02687303e-04	2.19556186e+00
4.76209042e+00	2.38299911e+00	-2.40474313e-02	8.28273387e-05	2.35903451e+00
4.92067018e+00	2.54435156e+00	-1.66774003e-02	2.90203773e-05	2.52770318e+00
5.07932982e+00	2.71107438e+00	-9.92328827e-03	8.41293186e-06	2.70115951e+00
5.23790958e+00	2.88299972e+00	-3.91348777e-03	1.92986099e-06	2.87908816e+00
5.39624978e+00	3.05993847e+00	1.31288815e-03	3.31350355e-07	3.06125169e+00
5.55419100e+00	3.24168063e+00	5.78347112e-03	3.97474111e-08	3.24746414e+00
5.71157419e+00	3.42799556e+00	9.56679043e-03	3.06268093e-09	3.43756235e+00
5.86824089e+00	3.61863244e+00	1.27449775e-02	1.36820970e-10	3.63137741e+00
6.02403334e+00	3.81332077e+00	1.53868575e-02	3.13946476e-12	3.82870763e+00
6.17879468e+00	4.01177099e+00	1.75241124e-02	3.20281151e-14	4.02929510e+00
6.33236907e+00	4.21367507e+00	1.91359781e-02	1.23143461e-16	4.23281105e+00
6.48460188e+00	4.41870737e+00	2.01493168e-02	1.62152296e-19	4.43885668e+00
6.63533982e+00	4.62652533e+00	2.04630817e-02	5.17886062e-23	4.64698841e+00
6.78443111e+00	4.83677048e+00	1.99939715e-02	3.30950008e-27	4.85676445e+00
6.93172563e+00	5.04906933e+00	1.87307100e-02	3.24846344e-32	5.06780004e+00
7.07707507e+00	5.26303441e+00	1.67729273e-02	3.64549098e-38	5.27980734e+00
7.22033306e+00	5.47826540e+00	1.43314158e-02	3.45601322e-45	5.49259682e+00
7.36135537e+00	5.69435021e+00	1.16841725e-02	1.96923359e-53	5.70603439e+00
7.50000000e+00	5.91086625e+00	9.10680704e-03	5.06951938e-63	5.91997306e+00
7.63612734e+00	6.12738162e+00	6.80995051e-03	4.16092835e-74	6.13419157e+00
7.76960032e+00	6.34345645e+00	4.90848871e-03	8.39096602e-87	6.34836494e+00
7.90028455e+00	6.55864422e+00	3.42740782e-03	3.07523863e-101	6.56207163e+00
8.02804844e+00	6.77249314e+00	2.32961921e-03	1.67731215e-117	6.77482276e+00
8.15276334e+00	6.98454752e+00	1.54791586e-03	9.42749786e-136	6.98609544e+00
8.27430367e+00	7.19434925e+00	1.00905998e-03	2.50144830e-157	7.19535831e+00
8.39254706e+00	7.40143920e+00	6.47356307e-04	4.53385147e-180	7.40208655e+00
8.50737444e+00	7.60535869e+00	4.09868055e-04	5.26649460e-205	7.60576856e+00
8.61867019e+00	7.80565100e+00	2.56790330e-04	3.85197998e-232	7.80590779e+00
8.72632225e+00	8.00186277e+00	1.59621802e-04	1.88438164e-261	8.00202239e+00
8.83022222e+00	8.19354553e+00	9.87029827e-05	7.13019782e-293	8.19364423e+00
8.93026547e+00	8.38025714e+00	6.08758905e-05	0.00000000e+00	8.38031801e+00
9.02635129e+00	8.56156323e+00	3.75482212e-05	0.00000000e+00	8.56160078e+00
9.11838291e+00	8.73703864e+00	2.32232723e-05	0.00000000e+00	8.73706187e+00
9.20626766e+00	8.90626884e+00	1.44407442e-05	0.00000000e+00	8.90628328e+00
9.28991707e+00	9.06885127e+00	9.05164611e-06	0.00000000e+00	9.06886032e+00
9.36924689e+00	9.22439670e+00	5.73392901e-06	0.00000000e+00	9.22440243e+00
9.44417724e+00	9.37253053e+00	3.68001300e-06	0.00000000e+00	9.37253421e+00
9.51463269e+00	9.51289405e+00	2.39879861e-06	0.00000000e+00	9.51289645e+00
9.58054229e+00	9.64514564e+00	1.59187577e-06	0.00000000e+00	9.64514723e+00
9.64183967e+00	9.76896191e+00	1.07792344e-06	0.00000000e+00	9.76896298e+00
9.69846310e+00	9.88403880e+00	7.46417974e-07	0.00000000e+00	9.88403954e+00
9.75035559e+00	9.99009261e+00	5.29650456e-07	0.00000000e+00	9.99009314e+00
9.79746487e+00	1.00868610e+01	3.85874829e-07	0.00000000e+00	1.00868614e+01
9.83974351e+00	1.01741037e+01	2.89162163e-07	0.00000000e+00	1.01741040e+01
9.87714893e+00	1.02516037e+01	2.23254298e-07	0.00000000e+00	1.02516040e+01
9.90964349e+00	1.03191676e+01	1.77855731e-07	0.00000000e+00	1.03191678e+01
9.93719444e+00	1.03766264e+01	1.46393738e-07	0.00000000e+00	1.03766266e+01
9.95977406e+00	1.04238362e+01	1.24638982e-07	0.00000000e+00	1.04238363e+01
9.97735961e+00	1.04606786e+01	1.09869223e-07	0.00000000e+00	1.04606787e+01
9.98993338e+00	1.04870609e+01	1.00349811e-07	0.00000000e+00	1.04870610e+01
9.99748271e+00	1.05029169e+01	9.50183926e-08	0.00000000e+00	1.05029170e+01
1.00000000e+01	1.05082067e+01	9.33011615e-08	0.00000000e+00	1.05082068e+01
