0.00000000e+00	0.00000000e+00	-1.81335224e-01	1.30114058e-02	-1.68323818e-01
2.51728808e-03	6.65877661e-07	-1.81334970e-01	1.30114209e-02	-1.68322883e-01
1.00666176e-02	1.06486794e-05	-1.81331165e-01	1.30116401e-02	-1.68308877e-01
2.26403871e-02	5.38637149e-05	-1.81314711e-01	1.30125838e-02	-1.68248264e-01
4.02259358e-02	1.70036015e-04	-1.81270492e-01	1.30151161e-02	-1.68085340e-01
6.28055566e-02	4.14500199e-04	-1.81177463e-01	1.30204425e-02	-1.67742521e-01
9.03565137e-02	8.57921471e-04	-1.81008836e-01	1.30301044e-02	-1.67120810e-01
1.22851066e-01	1.58593893e-03	-1.80732325e-01	1.30459730e-02	-1.66100413e-01
1.60256493e-01	2.69873272e-03	-1.80310447e-01	1.30702460e-02	-1.64541469e-01
2.02535132e-01	4.31051678e-03	-1.79701118e-01	1.31054353e-02	-1.62285166e-01
2.49644411e-01	6.54895946e-03	-1.78858326e-01	1.31543528e-02	-1.59155014e-01
3.01536896e-01	9.55453434e-03	-1.77733073e-01	1.32200733e-02	-1.54958465e-01
3.58160335e-01	1.34798041e-02	-1.76274771e-01	1.33058923e-02	-1.49489075e-01
4.19457713e-01	1.84886404e-02	-1.74432915e-01	1.34151943e-02	-1.42529080e-01
4.85367309e-01	2.47553829e-02	-1.72159506e-01	1.35512875e-02	-1.33852835e-01
5.55822757e-01	3.24639420e-02	-1.69412040e-01	1.37171583e-02	-1.23230940e-01
6.30753115e-01	4.18068468e-02	-1.66157221e-01	1.39151774e-02	-1.10435197e-01
7.10082934e-01	5.29842456e-02	-1.62375366e-01	1.41467733e-02	-9.52443470e-02
7.93732336e-01	6.62028601e-02	-1.58064633e-01	1.44121674e-02	-7.74496052e-02
8.81617093e-01	8.16748995e-02	-1.53244328e-01	1.47101318e-02	-5.68592968e-02
9.73648712e-01	9.96169391e-02	-1.47955100e-01	1.50376358e-02	-3.33005247e-02
1.06973453e+00	1.20248767e-01	-1.42254855e-01	1.53890517e-02	-6.61703641e-03
1.16977778e+00	1.43792205e-01	-1.36210280e-01	1.57551207e-02	2.33370455e-02
1.27367775e+00	1.70469910e-01	-1.29886605e-01	1.61221613e-02	5.67054660e-02
1.38132981e+00	2.00504154e-01	-1.23339479e-01	1.64721025e-02	9.36367768e-02
1.49262556e+00	2.34115601e-01	-1.16611607e-01	1.67831987e-02	1.34287192e-01
1.60745294e+00	2.71522073e-01	-1.09733812e-01	1.70306325e-02	1.78818894e-01
1.72569633e+00	3.12937318e-01	-1.02728354e-01	1.71863515e-02	2.27395315e-01
1.84723666e+00	3.58569781e-01	-9.56122365e-02	1.72180330e-02	2.80175577e-01
1.97195156e+00	4.08621386e-01	-8.83993224e-02	1.70880804e-02	3.37310144e-01
2.09971545e+00	4.63286339e-01	-8.11007594e-02	1.67535247e-02	3.98939104e-01
2.23039968e+00	5.22749943e-01	-7.37241735e-02	1.61684682e-02	4.65194238e-01
2.36387266e+00	5.87187446e-01	-6.62725463e-02	1.52904747e-02	5.36205374e-01
2.50000000e+00	6.56762917e-01	-5.87438428e-02	1.40917638e-02	6.12110838e-01
2.63864463e+00	7.31628158e-01	-5.11327186e-02	1.25744659e-02	6.93069906e-01
2.77966694e+00	8.11921661e-01	-4.34355706e-02	1.07854783e-02	7.79271569e-01
2.92292493e+00	8.97767604e-01	-3.56604921e-02	8.82345773e-03	8.70930570e-01
3.06827437e+00	9.89274901e-01	-2.78424692e-02	6.82981821e-03	9.68262250e-01
3.21556889e+00	1.08653631e+00	-2.00632719e-02	4.96166471e-03	1.07143470e+00
3.36466018e+00	1.18962758e+00	-1.24723443e-02	3.35458548e-03	1.18050982e+00
3.51539812e+00	1.29860670e+00	-5.30315324e-03	2.09116610e-03	1.29539471e+00
3.66763093e+00	1.41351317e+00	1.12555167e-03	1.18842822e-03	1.41582715e+00
3.82120532e+00	1.53436737e+00	6.43407307e-03	6.06847979e-04	1.54140829e+00
3.97596666e+00	1.66116998e+00	1.02401576e-02	2.73142619e-04	1.67168328e+00
4.13175911e+00	1.79390150e+00	1.22486859e-02	1.05670051e-04	1.80625585e+00
4.28842581e+00	1.93252183e+00	1.23527987e-02	3.40017273e-05	1.94490863e+00
4.44580900e+00	2.07696992e+00	1.07086410e-02	8.72217807e-06	2.08768728e+00
4.60375022e+00	2.22716355e+00	7.74273728e-03	1.68959652e-06	2.23490798e+00
4.76209042e+00	2.38299911e+00	4.07405216e-03	2.30764270e-07	2.38707339e+00
4.92067018e+00	2.54435156e+00	3.75608928e-04	2.03900095e-08	2.54472719e+00
5.07932982e+00	2.71107438e+00	-2.76757815e-03	1.04760118e-09	2.70830681e+00
5.23790958e+00	2.88299972e+00	-4.95312279e-03	2.74735272e-11	2.87804659e+00
5.39624978e+00	3.05993847e+00	-5.99481737e-03	3.14216661e-13	3.05394366e+00
5.55419100e+00	3.24168063e+00	-5.91254157e-03	1.29995216e-15	3.23576809e+00
5.71157419e+00	3.42799556e+00	-4.90166104e-03	1.58140017e-18	3.42309390e+00
5.86824089e+00	3.61863244e+00	-3.28638621e-03	4.32068027e-22	3.61534605e+00
6.02403334e+00	3.81332077e+00	-1.45350747e-03	2.00351990e-26	3.81186726e+00
6.17879468e+00	4.01177099e+00	2.30061688e-04	1.14027491e-31	4.01200105e+00
6.33236907e+00	4.21367507e+00	1.49726028e-03	5.53122568e-38	4.21517234e+00
6.48460188e+00	4.41870737e+00	2.23024270e-03	1.52189689e-45	4.42093761e+00
6.63533982e+00	4.62652533e+00	2.45905446e-03	1.54028377e-54	4.62898438e+00
6.78443111e+00	4.83677048e+00	2.31369736e-03	3.47535380e-65	4.83908418e+00
6.93172563e+00	5.04906933e+00	1.95684976e-03	1.05893419e-77	5.05102618e+00
7.07707507e+00	5.26303441e+00	1.52890023e-03	2.55304509e-92	5.26456331e+00
7.22033306e+00	5.47826540e+00	1.12251529e-03	2.82191879e-109	5.47938792e+00
7.36135537e+00	5.69435021e+00	7.83399696e-04	8.24408874e-129	5.69513361e+00
7.50000000e+00	5.91086625e+00	5.23822523e-04	3.57557257e-151	5.91139007e+00
7.63612734e+00	6.12738162e+00	3.37480454e-04	7.19503438e-177	6.12771910e+00
7.76960032e+00	6.34345645e+00	2.10406196e-04	1.24714724e-205	6.34366686e+00
7.90028455e+00	6.55864422e+00	1.27408307e-04	7.20589611e-238	6.55877163e+00
8.02804844e+00	6.77249314e+00	7.51811334e-05	9.29915085e-274	6.77256832e+00
8.15276334e+00	6.98454752e+00	4.33668603e-05	0.00000000e+00	6.98459089e+00
8.27430367e+00	7.19434925e+00	2.45286031e-05	0.00000000e+00	7.19437378e+00
8.39254706e+00	7.40143920e+00	1.36449092e-05	0.00000000e+00	7.40145284e+00
8.50737444e+00	7.60535869e+00	7.48788856e-06	0.00000000e+00	7.60536618e+00
8.61867019e+00	7.80565100e+00	4.06594181e-06	0.00000000e+00	7.80565506e+00
8.72632225e+00	8.00186277e+00	2.19129369e-06	0.00000000e+00	8.00186496e+00
8.83022222e+00	8.19354553e+00	1.17578534e-06	0.00000000e+00	8.19354670e+00
8.93026547e+00	8.38025714e+00	6.30088990e-07	0.00000000e+00	8.38025777e+00
9.02635129e+00	8.56156323e+00	3.38291807e-07	0.00000000e+00	8.56156357e+00
9.11838291e+00	8.73703864e+00	1.82539642e-07	0.00000000e+00	8.73703883e+00
9.20626766e+00	8.90626884e+00	9.93038208e-08	0.00000000e+00	8.90626894e+00
9.28991707e+00	9.06885127e+00	5.46359145e-08	0.00000000e+00	9.06885132e+00
9.36924689e+00	9.22439670e+00	3.04953819e-08	0.00000000e+00	9.22439673e+00
9.44417724e+00	9.37253053e+00	1.73210438e-08	0.00000000e+00	9.37253055e+00
9.51463269e+00	9.51289405e+00	1.00410807e-08	0.00000000e+00	9.51289406e+00
9.58054229e+00	9.64514564e+00	5.95821897e-09	0.00000000e+00	9.64514565e+00
9.64183967e+00	9.76896191e+00	3.62920967e-09	0.00000000e+00	9.76896191e+00
9.69846310e+00	9.88403880e+00	2.27512331e-09	0.00000000e+00	9.88403880e+00
9.75035559e+00	9.99009261e+00	1.47163538e-09	0.00000000e+00	9.99009261e+00
9.79746487e+00	1.00868610e+01	9.84604605e-10	0.00000000e+00	1.00868610e+01
9.83974351e+00	1.01741037e+01	6.82887979e-10	0.00000000e+00	1.01741037e+01
9.87714893e+00	1.02516037e+01	4.91963390e-10	0.00000000e+00	1.02516037e+01
9.90964349e+00	1.03191676e+01	3.68817238e-10	0.00000000e+00	1.03191676e+01
9.93719444e+00	1.03766264e+01	2.88207186e-10	0.00000000e+00	1.03766264e+01
9.95977406e+00	1.04238362e+01	2.35087646e-10	0.00000000e+00	1.04238362e+01
9.97735961e+00	1.04606786e+01	2.00396159e-10	0.00000000e+00	1.04606786e+01
9.98993338e+00	1.04870609e+01	1.78680187e-10	0.00000000e+00	1.04870609e+01
9.99748271e+00	1.05029169e+01	1.66753117e-10	0.00000000e+00	1.05029169e+01
1.00000000e+01	1.05082067e+01	1.62949867e-10	0.00000000e+00	1.05082067e+01
