0.00000000e+00	0.00000000e+00	-1.39291520e-01	1.17748437e-02	-1.27516676e-01
2.51728808e-03	6.65877661e-07	-1.39291422e-01	1.17748751e-02	-1.27515881e-01
1.00666176e-02	1.06486794e-05	-1.39289954e-01	1.17753902e-02	-1.27503915e-01
2.26403871e-02	5.38637149e-05	-1.39283615e-01	1.17776305e-02	-1.27452121e-01
4.02259358e-02	1.70036015e-04	-1.39266574e-01	1.17836727e-02	-1.27312865e-01
6.28055566e-02	4.14500199e-04	-1.39230704e-01	1.17964031e-02	-1.27019800e-01
9.03565137e-02	8.57921471e-04	-1.39165656e-01	1.18194252e-02	-1.26488309e-01
1.22851066e-01	1.58593893e-03	-1.39058858e-01	1.18570469e-02	-1.25615872e-01
1.60256493e-01	2.69873272e-03	-1.38895644e-01	1.19140926e-02	-1.24282818e-01
2.02535132e-01	4.31051678e-03	-1.38659295e-01	1.19957284e-02	-1.22353050e-01
2.49644411e-01	6.54895946e-03	-1.38331145e-01	1.21071432e-02	-1.19675042e-01
3.01536896e-01	9.55453434e-03	-1.37890719e-01	1.22531591e-02	-1.16083026e-01
3.58160335e-01	1.34798041e-02	-1.37315920e-01	1.24377769e-02	-1.11398339e-01
4.19457713e-01	1.84886404e-02	-1.36583199e-01	1.26635375e-02	-1.05431022e-01
4.85367309e-01	2.47553829e-02	-1.35667917e-01	1.29308067e-02	-9.79817276e-02
5.55822757e-01	3.24639420e-02	-1.34544704e-01	1.32371487e-02	-8.88436129e-02
6.30753115e-01	4.18068468e-02	-1.33188164e-01	1.35765285e-02	-7.78047891e-02
7.10082934e-01	5.29842456e-02	-1.31573735e-01	1.39389080e-02	-6.46505814e-02
7.93732336e-01	6.62028601e-02	-1.29679032e-01	1.43099950e-02	-4.91661769e-02
8.81617093e-01	8.16748995e-02	-1.27485648e-01	1.46715432e-02	-3.11392051e-02
9.73648712e-01	9.96169391e-02	-1.24981518e-01	1.50024593e-02	-1.03621196e-02
1.06973453e+00	1.20248767e-01	-1.22163593e-01	1.52806683e-02	1.33658427e-02
1.16977778e+00	1.43792205e-01	-1.19040166e-01	1.54856546e-02	4.02376934e-02
1.27367775e+00	1.70469910e-01	-1.15631519e-01	1.56007195e-02	7.04391107e-02
1.38132981e+00	2.00504154e-01	-1.11967722e-01	1.56139510e-02	1.04150382e-01
1.49262556e+00	2.34115601e-01	-1.08083452e-01	1.55169545e-02	1.41549104e-01
1.60745294e+00	2.71522073e-01	-1.04011761e-01	1.53019489e-02	1.82812261e-01
1.72569633e+00	3.12937318e-01	-9.97799737e-02	1.49592570e-02	2.28116602e-01
1.84723666e+00	3.58569781e-01	-9.54089147e-02	1.44762128e-02	2.77637079e-01
1.97195156e+00	4.08621386e-01	-9.09147653e-02	1.38387268e-02	3.31545347e-01
2.09971545e+00	4.63286339e-01	-8.63117254e-02	1.30346873e-02	3.90009301e-01
2.23039968e+00	5.22749943e-01	-8.16143563e-02	1.20591992e-02	4.53194786e-01
2.36387266e+00	5.87187446e-01	-7.68393067e-02	1.09206373e-02	5.21268776e-01
2.50000000e+00	6.56762917e-01	-7.20073340e-02	9.64545688e-03	5.94401040e-01
2.63864463e+00	7.31628158e-01	-6.71465449e-02	8.27951493e-03	6.72761128e-01
2.77966694e+00	8.11921661e-01	-6.22980481e-02	6.88400283e-03	7.56507616e-01
2.92292493e+00	8.97767604e-01	-5.75246522e-02	5.52640518e-03	8.45769357e-01
3.06827437e+00	9.89274901e-01	-5.29210561e-02	4.26954316e-03	9.40623388e-01
3.21556889e+00	1.08653631e+00	-4.86209530e-02	3.16235931e-03	1.04107771e+00
3.36466018e+00	1.18962758e+00	-4.47919117e-02	2.23498147e-03	1.14707065e+00
3.51539812e+00	1.29860670e+00	-4.16060617e-02	1.49796886e-03	1.25849861e+00
3.66763093e+00	1.41351317e+00	-3.91792482e-02	9.44577622e-04	1.37527850e+00
3.82120532e+00	1.53436737e+00	-3.74881392e-02	5.54651953e-04	1.49743388e+00
3.97596666e+00	1.66116998e+00	-3.63007800e-02	2.99333916e-04	1.62516853e+00
4.13175911e+00	1.79390150e+00	-3.51746633e-02	1.46012011e-04	1.75887285e+00
4.28842581e+00	1.93252183e+00	-3.35575728e-02	6.30199470e-05	1.89902727e+00
4.44580900e+00	2.07696992e+00	-3.09663192e-02	2.34258568e-05	2.04602703e+00
4.60375022e+00	2.22716355e+00	-2.71561011e-02	7.24696672e-06	2.20001469e+00
4.76209042e+00	2.38299911e+00	-2.21868579e-02	1.78662765e-06	2.36081404e+00
4.92067018e+00	2.54435156e+00	-1.63631781e-02	3.32382749e-07	2.52798871e+00
5.07932982e+00	2.71107438e+00	-1.01028117e-02	4.35826769e-08	2.70097162e+00
5.23790958e+00	2.88299972e+00	-3.81517317e-03	3.70111296e-09	2.87918455e+00
5.39624978e+00	3.05993847e+00	2.16361184e-03	1.83467528e-10	3.06210209e+00
5.55419100e+00	3.24168063e+00	7.57922756e-03	4.68067228e-12	3.24925986e+00
5.71157419e+00	3.42799556e+00	1.22344409e-02	5.28644305e-14	3.44023000e+00
5.86824089e+00	3.61863244e+00	1.59575674e-02	2.21177337e-16	3.63459000e+00
6.02403334e+00	3.81332077e+00	1.85879420e-02	2.86384047e-19	3.83190871e+00
6.17879468e+00	4.01177099e+00	1.99911846e-02	8.79867111e-23	4.03176217e+00
6.33236907e+00	4.21367507e+00	2.01064888e-02	4.99419207e-27	4.23378156e+00
6.48460188e+00	4.41870737e+00	1.90030351e-02	3.86599477e-32	4.43771040e+00
6.63533982e+00	4.62652533e+00	1.69103299e-02	2.92664129e-38	4.64343566e+00
6.78443111e+00	4.83677048e+00	1.41913356e-02	1.49631863e-45	4.85096181e+00
6.93172563e+00	5.04906933e+00	1.12599869e-02	3.46661253e-54	5.06032931e+00
7.07707507e+00	5.26303441e+00	8.47980499e-03	2.38127252e-64	5.27151422e+00
7.22033306e+00	5.47826540e+00	6.09203495e-03	3.11944909e-76	5.48435744e+00
7.36135537e+00	5.69435021e+00	4.19840521e-03	5.14804644e-90	5.69854862e+00
7.50000000e+00	5.91086625e+00	2.79053993e-03	6.61984384e-106	5.91365679e+00
7.63612734e+00	6.12738162e+00	1.79727224e-03	4.59831381e-124	6.12917889e+00
7.76960032e+00	6.34345645e+00	1.12601453e-03	1.07777170e-144	6.34458247e+00
7.90028455e+00	6.55864422e+00	6.88489625e-04	1.54145402e-168	6.55933271e+00
8.02804844e+00	6.77249314e+00	4.12046498e-04	9.48679686e-195	6.77290518e+00
8.15276334e+00	6.98454752e+00	2.42063799e-04	6.81368938e-224	6.98478958e+00
8.27430367e+00	7.19434925e+00	1.39994266e-04	4.54441625e-256	7.19448924e+00
8.39254706e+00	7.40143920e+00	7.99392103e-05	2.42086508e-291	7.40151913e+00
8.50737444e+00	7.60535869e+00	4.52027518e-05	0.00000000e+00	7.60540389e+00
8.61867019e+00	7.80565100e+00	2.53848794e-05	0.00000000e+00	7.80567638e+00
8.72632225e+00	8.00186277e+00	1.41975895e-05	0.00000000e+00	8.00187697e+00
8.83022222e+00	8.19354553e+00	7.92929233e-06	0.00000000e+00	8.19355346e+00
8.93026547e+00	8.38025714e+00	4.43375974e-06	0.00000000e+00	8.38026157e+00
9.02635129e+00	8.56156323e+00	2.48782230e-06	0.00000000e+00	8.56156572e+00
9.11838291e+00	8.73703864e+00	1.40403292e-06	0.00000000e+00	8.73704005e+00
9.20626766e+00	8.90626884e+00	7.98420869e-07	0.00000000e+00	8.90626964e+00
9.28991707e+00	9.06885127e+00	4.58362552e-07	0.00000000e+00	9.06885173e+00
9.36924689e+00	9.22439670e+00	2.65922278e-07	0.00000000e+00	9.22439696e+00
9.44417724e+00	9.37253053e+00	1.56037248e-07	0.00000000e+00	9.37253068e+00
9.51463269e+00	9.51289405e+00	9.26124513e-08	0.00000000e+00	9.51289414e+00
9.58054229e+00	9.64514564e+00	5.55861813e-08	0.00000000e+00	9.64514570e+00
9.64183967e+00	9.76896191e+00	3.37088650e-08	0.00000000e+00	9.76896194e+00
9.69846310e+00	9.88403880e+00	2.06162438e-08	0.00000000e+00	9.88403882e+00
9.75035559e+00	9.99009261e+00	1.26988572e-08	0.00000000e+00	9.99009263e+00
9.79746487e+00	1.00868610e+01	7.85212908e-09	0.00000000e+00	1.00868610e+01
9.83974351e+00	1.01741037e+01	4.85943687e-09	0.00000000e+00	1.01741037e+01
9.87714893e+00	1.02516037e+01	3.00415293e-09	0.00000000e+00	1.02516037e+01
9.90964349e+00	1.03191676e+01	1.85419356e-09	0.00000000e+00	1.03191676e+01
9.93719444e+00	1.03766264e+01	1.14784660e-09	0.00000000e+00	1.03766264e+01
9.95977406e+00	1.04238362e+01	7.20601624e-10	0.00000000e+00	1.04238362e+01
9.97735961e+00	1.04606786e+01	4.69038636e-10	0.00000000e+00	1.04606786e+01
9.98993338e+00	1.04870609e+01	3.27702740e-10	0.00000000e+00	1.04870609e+01
9.99748271e+00	1.05029169e+01	2.56604178e-10	0.00000000e+00	1.05029169e+01
1.00000000e+01	1.05082067e+01	2.35125202e-10	0.00000000e+00	1.05082067e+01
