0.00000000e+00	0.00000000e+00	-7.46853202e-02	1.13677906e-03	-7.35485412e-02
2.51728808e-03	6.65877661e-07	-7.46851684e-02	1.13678410e-03	-7.35477184e-02
1.00666176e-02	1.06486794e-05	-7.46828947e-02	1.13685905e-03	-7.35353869e-02
2.26403871e-02	5.38637149e-05	-7.46730593e-02	1.13718307e-03	-7.34820125e-02
4.02259358e-02	1.70036015e-04	-7.46466333e-02	1.13805318e-03	-7.33385441e-02
6.28055566e-02	4.14500199e-04	-7.45910880e-02	1.13988108e-03	-7.30367067e-02
9.03565137e-02	8.57921471e-04	-7.44905553e-02	1.14318668e-03	-7.24894471e-02
1.22851066e-01	1.58593893e-03	-7.43261114e-02	1.14858661e-03	-7.15915858e-02
1.60256493e-01	2.69873272e-03	-7.40762093e-02	1.15677697e-03	-7.02206996e-02
2.02535132e-01	4.31051678e-03	-7.37173937e-02	1.16850504e-03	-6.82383718e-02
2.49644411e-01	6.54895946e-03	-7.32252046e-02	1.18453352e-03	-6.54917116e-02
3.01536896e-01	9.55453434e-03	-7.25755417e-02	1.20559406e-03	-6.18154133e-02
3.58160335e-01	1.34798041e-02	-7.17462982e-02	1.23233401e-03	-5.70341601e-02
4.19457713e-01	1.84886404e-02	-7.07193991e-02	1.26526422e-03	-5.09654945e-02
4.85367309e-01	2.47553829e-02	-6.94829723e-02	1.30471099e-03	-4.34228783e-02
5.55822757e-01	3.24639420e-02	-6.80334469e-02	1.35077907e-03	-3.42187258e-02
6.30753115e-01	4.18068468e-02	-6.63768854e-02	1.40332783e-03	-2.31667108e-02
7.10082934e-01	5.29842456e-02	-6.45289717e-02	1.46192700e-03	-1.00827990e-02
7.93732336e-01	6.62028601e-02	-6.25131613e-02	1.52579417e-03	5.21549301e-03
8.81617093e-01	8.16748995e-02	-6.03570818e-02	1.59373389e-03	2.29115516e-02
9.73648712e-01	9.96169391e-02	-5.80881550e-02	1.66412244e-03	4.31929065e-02
1.06973453e+00	1.20248767e-01	-5.57299379e-02	1.73501644e-03	6.62538455e-02
1.16977778e+00	1.43792205e-01	-5.33002214e-02	1.80435377e-03	9.22963376e-02
1.27367775e+00	1.70469910e-01	-5.08111654e-02	1.87015625e-03	1.21528900e-01
1.38132981e+00	2.00504154e-01	-4.82708327e-02	1.93063567e-03	1.54163957e-01
1.49262556e+00	2.34115601e-01	-4.56852883e-02	1.98416025e-03	1.90414473e-01
1.60745294e+00	2.71522073e-01	-4.30604960e-02	2.02908916e-03	2.30490667e-01
1.72569633e+00	3.12937318e-01	-4.04036284e-02	2.06351482e-03	2.74597205e-01
1.84723666e+00	3.58569781e-01	-3.77236489e-02	2.08494982e-03	3.22931082e-01
1.97195156e+00	4.08621386e-01	-3.50311790e-02	2.09000313e-03	3.75680210e-01
2.09971545e+00	4.63286339e-01	-3.23377144e-02	2.07410878e-03	4.33022733e-01
2.23039968e+00	5.22749943e-01	-2.96543380e-02	2.03142528e-03	4.95127030e-01
2.36387266e+00	5.87187446e-01	-2.69901370e-02	1.95509458e-03	5.62152403e-01
2.50000000e+00	6.56762917e-01	-2.43505911e-02	1.83815354e-03	6.34250479e-01
2.63864463e+00	7.31628158e-01	-2.17363102e-02	1.67536408e-03	7.11567212e-01
2.77966694e+00	8.11921661e-01	-1.91427539e-02	1.46602961e-03	7.94244937e-01
2.92292493e+00	8.97767604e-01	-1.65616114e-02	1.21719959e-03	8.82423192e-01
3.06827437e+00	9.89274901e-01	-1.39845010e-02	9.45723862e-04	9.76236124e-01
3.21556889e+00	1.08653631e+00	-1.14097176e-02	6.76963880e-04	1.07580355e+00
3.36466018e+00	1.18962758e+00	-8.85195160e-03	4.38842764e-04	1.18121447e+00
3.51539812e+00	1.29860670e+00	-6.35395182e-03	2.52863458e-04	1.29250561e+00
3.66763093e+00	1.41351317e+00	-3.99745694e-03	1.26853341e-04	1.40964257e+00
3.82120532e+00	1.53436737e+00	-1.90810307e-03	5.40852665e-05	1.53251335e+00
3.97596666e+00	1.66116998e+00	-2.47127234e-04	1.90222100e-05	1.66094187e+00
4.13175911e+00	1.79390150e+00	8.17764249e-04	5.31063977e-06	1.79472457e+00
4.28842581e+00	1.93252183e+00	1.16457397e-03	1.11931416e-06	1.93368752e+00
4.44580900e+00	2.07696992e+00	7.83220514e-04	1.66908107e-07	2.07775331e+00
4.60375022e+00	2.22716355e+00	-1.70318217e-04	1.62096102e-08	2.22699325e+00
4.76209042e+00	2.38299911e+00	-1.36886294e-03	9.24132998e-10	2.38163025e+00
4.92067018e+00	2.54435156e+00	-2.38433392e-03	2.72001996e-11	2.54196722e+00
5.07932982e+00	2.71107438e+00	-2.82200415e-03	3.53398127e-13	2.70825238e+00
5.23790958e+00	2.88299972e+00	-2.46323278e-03	1.67887894e-15	2.88053648e+00
5.39624978e+00	3.05993847e+00	-1.34569903e-03	2.33744024e-18	3.05859277e+00
5.55419100e+00	3.24168063e+00	2.57820251e-04	7.32695811e-22	3.24193845e+00
5.71157419e+00	3.42799556e+00	1.94588556e-03	3.82719436e-26	3.42994144e+00
5.86824089e+00	3.61863244e+00	3.32931672e-03	2.36269945e-31	3.62196175e+00
6.02403334e+00	3.81332077e+00	4.15058023e-03	1.17266249e-37	3.81747135e+00
6.17879468e+00	4.01177099e+00	4.34223398e-03	3.03769736e-45	4.01611322e+00
6.33236907e+00	4.21367507e+00	4.00964402e-03	2.54527976e-54	4.21768472e+00
6.48460188e+00	4.41870737e+00	3.35571632e-03	4.11524283e-65	4.42206308e+00
6.63533982e+00	4.62652533e+00	2.59102485e-03	7.25986972e-78	4.62911635e+00
6.78443111e+00	4.83677048e+00	1.87104238e-03	7.60688541e-93	4.83864152e+00
6.93172563e+00	5.04906933e+00	1.27730855e-03	2.49556702e-110	5.05034663e+00
7.07707507e+00	5.26303441e+00	8.31188468e-04	1.32796370e-130	5.26386560e+00
7.22033306e+00	5.47826540e+00	5.18744975e-04	4.04578171e-154	5.47878415e+00
7.36135537e+00	5.69435021e+00	3.11927795e-04	8.43404896e-181	5.69466214e+00
7.50000000e+00	5.91086625e+00	1.81385598e-04	3.01072568e-211	5.91104764e+00
7.63612734e+00	6.12738162e+00	1.02333921e-04	1.21774211e-245	6.12748395e+00
7.76960032e+00	6.34345645e+00	5.61895378e-05	3.09833081e-284	6.34351264e+00
7.90028455e+00	6.55864422e+00	3.01187990e-05	0.00000000e+00	6.55867434e+00
8.02804844e+00	6.77249314e+00	1.58077476e-05	0.00000000e+00	6.77250895e+00
8.15276334e+00	6.98454752e+00	8.14821415e-06	0.00000000e+00	6.98455567e+00
8.27430367e+00	7.19434925e+00	4.13727246e-06	0.00000000e+00	7.19435339e+00
8.39254706e+00	7.40143920e+00	2.07543293e-06	0.00000000e+00	7.40144127e+00
8.50737444e+00	7.60535869e+00	1.03168117e-06	0.00000000e+00	7.60535972e+00
8.61867019e+00	7.80565100e+00	5.09684773e-07	0.00000000e+00	7.80565151e+00
8.72632225e+00	8.00186277e+00	2.51002067e-07	0.00000000e+00	8.00186302e+00
8.83022222e+00	8.19354553e+00	1.23576462e-07	0.00000000e+00	8.19354565e+00
8.93026547e+00	8.38025714e+00	6.10065251e-08	0.00000000e+00	8.38025720e+00
9.02635129e+00	8.56156323e+00	3.02879224e-08	0.00000000e+00	8.56156326e+00
9.11838291e+00	8.73703864e+00	1.51680816e-08	0.00000000e+00	8.73703866e+00
9.20626766e+00	8.90626884e+00	7.68488017e-09	0.00000000e+00	8.90626885e+00
9.28991707e+00	9.06885127e+00	3.95076296e-09	0.00000000e+00	9.06885127e+00
9.36924689e+00	9.22439670e+00	2.06674890e-09	0.00000000e+00	9.22439670e+00
9.44417724e+00	9.37253053e+00	1.10311230e-09	0.00000000e+00	9.37253053e+00
9.51463269e+00	9.51289405e+00	6.02255761e-10	0.00000000e+00	9.51289405e+00
9.58054229e+00	9.64514564e+00	3.37065258e-10	0.00000000e+00	9.64514564e+00
9.64183967e+00	9.76896191e+00	1.93723078e-10	0.00000000e+00	9.76896191e+00
9.69846310e+00	9.88403880e+00	1.14535950e-10	0.00000000e+00	9.88403880e+00
9.75035559e+00	9.99009261e+00	6.97477373e-11	0.00000000e+00	9.99009261e+00
9.79746487e+00	1.00868610e+01	4.38018378e-11	0.00000000e+00	1.00868610e+01
9.83974351e+00	1.01741037e+01	2.84125008e-11	0.00000000e+00	1.01741037e+01
9.87714893e+00	1.02516037e+01	1.90709513e-11	0.00000000e+00	1.02516037e+01
9.90964349e+00	1.03191676e+01	1.32755536e-11	0.00000000e+00	1.03191676e+01
9.93719444e+00	1.03766264e+01	9.61193347e-12	0.00000000e+00	1.03766264e+01
9.95977406e+00	1.04238362e+01	7.28069753e-12	0.00000000e+00	1.04238362e+01
9.97735961e+00	1.04606786e+01	5.80110717e-12	0.00000000e+00	1.04606786e+01
9.98993338e+00	1.04870609e+01	4.89814418e-12	0.00000000e+00	1.04870609e+01
9.99748271e+00	1.05029169e+01	4.41048579e-12	0.00000000e+00	1.05029169e+01
1.00000000e+01	1.05082067e+01	4.25644151e-12	0.00000000e+00	1.05082067e+01
