0.00000000e+00	0.00000000e+00	-3.03898333e-01	3.31830804e-02	-2.70715252e-01
2.51728808e-03	6.65877661e-07	-3.03897977e-01	3.31830985e-02	-2.70714213e-01
1.00666176e-02	1.06486794e-05	-3.03892661e-01	3.31833514e-02	-2.70698661e-01
2.26403871e-02	5.38637149e-05	-3.03869673e-01	3.31844368e-02	-2.70631372e-01
4.02259358e-02	1.70036015e-04	-3.03807886e-01	3.31873460e-02	-2.70450504e-01
6.28055566e-02	4.14500199e-04	-3.03677889e-01	3.31934668e-02	-2.70069922e-01
9.03565137e-02	8.57921471e-04	-3.03442202e-01	3.32045859e-02	-2.69379695e-01
1.22851066e-01	1.58593893e-03	-3.03055595e-01	3.32229020e-02	-2.68246755e-01
1.60256493e-01	2.69873272e-03	-3.02465409e-01	3.32510461e-02	-2.66515630e-01
2.02535132e-01	4.31051678e-03	-3.01612255e-01	3.32921312e-02	-2.64009607e-01
2.49644411e-01	6.54895946e-03	-3.00430723e-01	3.33498057e-02	-2.60531958e-01
3.01536896e-01	9.55453434e-03	-2.98850386e-01	3.34282833e-02	-2.55867568e-01
3.58160335e-01	1.34798041e-02	-2.96797263e-01	3.35324146e-02	-2.49785044e-01
4.19457713e-01	1.84886404e-02	-2.94195445e-01	3.36676505e-02	-2.42039155e-01
4.85367309e-01	2.47553829e-02	-2.90969592e-01	3.38399096e-02	-2.32374300e-01
5.55822757e-01	3.24639420e-02	-2.87047797e-01	3.40553062e-02	-2.20528548e-01
6.30753115e-01	4.18068468e-02	-2.82365509e-01	3.43196257e-02	-2.06239036e-01
7.10082934e-01	5.29842456e-02	-2.76870396e-01	3.46376111e-02	-1.89248539e-01
7.93732336e-01	6.62028601e-02	-2.70528183e-01	3.50120458e-02	-1.69313278e-01
8.81617093e-01	8.16748995e-02	-2.63329079e-01	3.54429242e-02	-1.46211255e-01
9.73648712e-01	9.96169391e-02	-2.55293210e-01	3.59265574e-02	-1.19749714e-01
1.06973453e+00	1.20248767e-01	-2.46473412e-01	3.64546065e-02	-8.97700390e-02
1.16977778e+00	1.43792205e-01	-2.36952422e-01	3.70123173e-02	-5.61478994e-02
1.27367775e+00	1.70469910e-01	-2.26832997e-01	3.75758588e-02	-1.87872281e-02
1.38132981e+00	2.00504154e-01	-2.16224298e-01	3.81094505e-02	2.23893065e-02
1.49262556e+00	2.34115601e-01	-2.05229010e-01	3.85638975e-02	6.74504885e-02
1.60745294e+00	2.71522073e-01	-1.93936178e-01	3.88773139e-02	1.16463210e-01
1.72569633e+00	3.12937318e-01	-1.82420349e-01	3.89764381e-02	1.69493408e-01
1.84723666e+00	3.58569781e-01	-1.70744437e-01	3.87781492e-02	2.26603492e-01
1.97195156e+00	4.08621386e-01	-1.58962924e-01	3.81908663e-02	2.87849328e-01
2.09971545e+00	4.63286339e-01	-1.47123453e-01	3.71190521e-02	3.53281938e-01
2.23039968e+00	5.22749943e-01	-1.35266805e-01	3.54729829e-02	4.22956120e-01
2.36387266e+00	5.87187446e-01	-1.23426176e-01	3.31866490e-02	4.96947919e-01
2.50000000e+00	6.56762917e-01	-1.11627309e-01	3.02426388e-02	5.75378246e-01
2.63864463e+00	7.31628158e-01	-9.98916613e-02	2.66982242e-02	6.58434721e-01
2.77966694e+00	8.11921661e-01	-8.82444199e-02	2.27018751e-02	7.46379117e-01
2.92292493e+00	8.97767604e-01	-7.67290984e-02	1.84868241e-02	8.39525330e-01
3.06827437e+00	9.89274901e-01	-6.54285278e-02	1.43363286e-02	9.38182702e-01
3.21556889e+00	1.08653631e+00	-5.44896600e-02	1.05278002e-02	1.04257445e+00
3.36466018e+00	1.18962758e+00	-4.41441796e-02	7.27650609e-03	1.15275990e+00
3.51539812e+00	1.29860670e+00	-3.47122280e-02	4.69964505e-03	1.26859412e+00
3.66763093e+00	1.41351317e+00	-2.65717802e-02	2.81045471e-03	1.38975184e+00
3.82120532e+00	1.53436737e+00	-2.00813814e-02	1.53751520e-03	1.51582350e+00
3.97596666e+00	1.66116998e+00	-1.54599894e-02	7.57366995e-04	1.64646736e+00
4.13175911e+00	1.79390150e+00	-1.26619375e-02	3.29047286e-04	1.78156861e+00
4.28842581e+00	1.93252183e+00	-1.13113666e-02	1.22760458e-04	1.92133322e+00
4.44580900e+00	2.07696992e+00	-1.07580392e-02	3.79988347e-05	2.06624988e+00
4.60375022e+00	2.22716355e+00	-1.02580924e-02	9.33851398e-06	2.21691479e+00
4.76209042e+00	2.38299911e+00	-9.20075108e-03	1.72311691e-06	2.37380008e+00
4.92067018e+00	2.54435156e+00	-7.26174802e-03	2.22474553e-07	2.53709003e+00
5.07932982e+00	2.71107438e+00	-4.41797482e-03	1.84079145e-08	2.70665643e+00
5.23790958e+00	2.88299972e+00	-8.56185105e-04	8.75910498e-10	2.88214353e+00
5.39624978e+00	3.05993847e+00	3.13796605e-03	2.10074034e-11	3.06307644e+00
5.55419100e+00	3.24168063e+00	7.24518930e-03	2.16839642e-13	3.24892582e+00
5.71157419e+00	3.42799556e+00	1.11284628e-02	7.98428483e-16	3.43912402e+00
5.86824089e+00	3.61863244e+00	1.44342843e-02	8.63255238e-19	3.63306672e+00
6.02403334e+00	3.81332077e+00	1.68164165e-02	2.07198023e-22	3.83013719e+00
6.17879468e+00	4.01177099e+00	1.80008474e-02	8.44902255e-27	4.02977183e+00
6.33236907e+00	4.21367507e+00	1.78707777e-02	4.24012555e-32	4.23154585e+00
6.48460188e+00	4.41870737e+00	1.65288558e-02	1.84286735e-38	4.43523622e+00
6.63533982e+00	4.62652533e+00	1.42891492e-02	4.67716978e-46	4.64081448e+00
6.78443111e+00	4.83677048e+00	1.15893293e-02	4.51114972e-55	4.84835981e+00
6.93172563e+00	5.04906933e+00	8.86166559e-03	1.04792097e-65	5.05793099e+00
7.07707507e+00	5.26303441e+00	6.42608309e-03	3.55551919e-78	5.26946050e+00
7.22033306e+00	5.47826540e+00	4.44742092e-03	1.10223857e-92	5.48271282e+00
7.36135537e+00	5.69435021e+00	2.95542047e-03	1.85871210e-109	5.69730563e+00
7.50000000e+00	5.91086625e+00	1.89558583e-03	1.05609268e-128	5.91276184e+00
7.63612734e+00	6.12738162e+00	1.17849025e-03	1.27493080e-150	6.12856011e+00
7.76960032e+00	6.34345645e+00	7.12677129e-04	6.91463972e-176	6.34416913e+00
7.90028455e+00	6.55864422e+00	4.20522101e-04	6.61757856e-204	6.55906474e+00
8.02804844e+00	6.77249314e+00	2.42825266e-04	3.53394058e-235	6.77273596e+00
8.15276334e+00	6.98454752e+00	1.37622765e-04	7.69709437e-270	6.98468514e+00
8.27430367e+00	7.19434925e+00	7.67833336e-05	5.25549740e-308	7.19442603e+00
8.39254706e+00	7.40143920e+00	4.22978845e-05	0.00000000e+00	7.40148149e+00
8.50737444e+00	7.60535869e+00	2.30750556e-05	0.00000000e+00	7.60538177e+00
8.61867019e+00	7.80565100e+00	1.25028396e-05	0.00000000e+00	7.80566350e+00
8.72632225e+00	8.00186277e+00	6.74820009e-06	0.00000000e+00	8.00186952e+00
8.83022222e+00	8.19354553e+00	3.63826508e-06	0.00000000e+00	8.19354917e+00
8.93026547e+00	8.38025714e+00	1.96498830e-06	0.00000000e+00	8.38025910e+00
9.02635129e+00	8.56156323e+00	1.06599492e-06	0.00000000e+00	8.56156429e+00
9.11838291e+00	8.73703864e+00	5.82472498e-07	0.00000000e+00	8.73703923e+00
9.20626766e+00	8.90626884e+00	3.21384152e-07	0.00000000e+00	8.90626916e+00
9.28991707e+00	9.06885127e+00	1.79536057e-07	0.00000000e+00	9.06885145e+00
9.36924689e+00	9.22439670e+00	1.01784803e-07	0.00000000e+00	9.22439680e+00
9.44417724e+00	9.37253053e+00	5.87042435e-08	0.00000000e+00	9.37253059e+00
9.51463269e+00	9.51289405e+00	3.45179560e-08	0.00000000e+00	9.51289409e+00
9.58054229e+00	9.64514564e+00	2.07343118e-08	0.00000000e+00	9.64514566e+00
9.64183967e+00	9.76896191e+00	1.27458342e-08	0.00000000e+00	9.76896192e+00
9.69846310e+00	9.88403880e+00	8.03116441e-09	0.00000000e+00	9.88403880e+00
9.75035559e+00	9.99009261e+00	5.19459469e-09	0.00000000e+00	9.99009262e+00
9.79746487e+00	1.00868610e+01	3.45530136e-09	0.00000000e+00	1.00868610e+01
9.83974351e+00	1.01741037e+01	2.36753341e-09	0.00000000e+00	1.01741037e+01
9.87714893e+00	1.02516037e+01	1.67482337e-09	0.00000000e+00	1.02516037e+01
9.90964349e+00	1.03191676e+01	1.22609212e-09	0.00000000e+00	1.03191676e+01
9.93719444e+00	1.03766264e+01	9.31740231e-10	0.00000000e+00	1.03766264e+01
9.95977406e+00	1.04238362e+01	7.38453639e-10	0.00000000e+00	1.04238362e+01
9.97735961e+00	1.04606786e+01	6.12179543e-10	0.00000000e+00	1.04606786e+01
9.98993338e+00	1.04870609e+01	5.33310547e-10	0.00000000e+00	1.04870609e+01
9.99748271e+00	1.05029169e+01	4.90088386e-10	0.00000000e+00	1.05029169e+01
1.00000000e+01	1.05082067e+01	4.76321129e-10	0.00000000e+00	1.05082067e+01
