0.00000000e+00	0.00000000e+00	-6.28907123e-01	2.02967953e-01	-4.25939169e-01
2.51728808e-03	6.65877661e-07	-6.28906543e-01	2.02967945e-01	-4.25937932e-01
1.00666176e-02	1.06486794e-05	-6.28897869e-01	2.02967695e-01	-4.25919525e-01
2.26403871e-02	5.38637149e-05	-6.28860368e-01	2.02966571e-01	-4.25839933e-01
4.02259358e-02	1.70036015e-04	-6.28759583e-01	2.02963486e-01	-4.25626061e-01
6.28055566e-02	4.14500199e-04	-6.28547507e-01	2.02956970e-01	-4.25176037e-01
9.03565137e-02	8.57921471e-04	-6.28162954e-01	2.02945193e-01	-4.24359840e-01
1.22851066e-01	1.58593893e-03	-6.27532024e-01	2.02926079e-01	-4.23020006e-01
1.60256493e-01	2.69873272e-03	-6.26568453e-01	2.02897363e-01	-4.20972357e-01
2.02535132e-01	4.31051678e-03	-6.25174683e-01	2.02857004e-01	-4.18007163e-01
2.49644411e-01	6.54895946e-03	-6.23242772e-01	2.02803341e-01	-4.13890472e-01
3.01536896e-01	9.55453434e-03	-6.20655483e-01	2.02735539e-01	-4.08365409e-01
3.58160335e-01	1.34798041e-02	-6.17288225e-01	2.02654046e-01	-4.01154375e-01
4.19457713e-01	1.84886404e-02	-6.13010687e-01	2.02560992e-01	-3.91961055e-01
4.85367309e-01	2.47553829e-02	-6.07689459e-01	2.02460527e-01	-3.80473550e-01
5.55822757e-01	3.24639420e-02	-6.01190866e-01	2.02358645e-01	-3.66368279e-01
6.30753115e-01	4.18068468e-02	-5.93384251e-01	2.02262690e-01	-3.49314714e-01
7.10082934e-01	5.29842456e-02	-5.84146192e-01	2.02179467e-01	-3.28982480e-01
7.93732336e-01	6.62028601e-02	-5.73365733e-01	2.02112245e-01	-3.05050628e-01
8.81617093e-01	8.16748995e-02	-5.60949912e-01	2.02055800e-01	-2.77219213e-01
9.73648712e-01	9.96169391e-02	-5.46831558e-01	2.01989390e-01	-2.45225229e-01
1.06973453e+00	1.20248767e-01	-5.30977714e-01	2.01868245e-01	-2.08860703e-01
1.16977778e+00	1.43792205e-01	-5.13400071e-01	2.01613802e-01	-1.67994064e-01
1.27367775e+00	1.70469910e-01	-4.94163983e-01	2.01105015e-01	-1.22589059e-01
1.38132981e+00	2.00504154e-01	-4.73394242e-01	2.00171668e-01	-7.27184205e-02
1.49262556e+00	2.34115601e-01	-4.51271157e-01	1.98589314e-01	-1.85662427e-02
1.60745294e+00	2.71522073e-01	-4.28012633e-01	1.96074975e-01	3.95844158e-02
1.72569633e+00	3.12937318e-01	-4.03845256e-01	1.92290182e-01	1.01382245e-01
1.84723666e+00	3.58569781e-01	-3.78976406e-01	1.86865156e-01	1.66458531e-01
1.97195156e+00	4.08621386e-01	-3.53577502e-01	1.79449656e-01	2.34493540e-01
2.09971545e+00	4.63286339e-01	-3.27783384e-01	1.69786113e-01	3.05289067e-01
2.23039968e+00	5.22749943e-01	-3.01702184e-01	1.57787145e-01	3.78834904e-01
2.36387266e+00	5.87187446e-01	-2.75432096e-01	1.43596770e-01	4.55352119e-01
2.50000000e+00	6.56762917e-01	-2.49082828e-01	1.27615019e-01	5.35295108e-01
2.63864463e+00	7.31628158e-01	-2.22802134e-01	1.10469016e-01	6.19295040e-01
2.77966694e+00	8.11921661e-01	-1.96807261e-01	9.29316995e-02	7.08046099e-01
2.92292493e+00	8.97767604e-01	-1.71416403e-01	7.58082604e-02	8.02159461e-01
3.06827437e+00	9.89274901e-01	-1.47069286e-01	5.98237697e-02	9.02029384e-01
3.21556889e+00	1.08653631e+00	-1.24318912e-01	4.55413564e-02	1.00775875e+00
3.36466018e+00	1.18962758e+00	-1.03771948e-01	3.33229241e-02	1.11917855e+00
3.51539812e+00	1.29860670e+00	-8.59672672e-02	2.33266106e-02	1.23596604e+00
3.66763093e+00	1.41351317e+00	-7.12065249e-02	1.55279802e-02	1.35783462e+00
3.82120532e+00	1.53436737e+00	-5.94006170e-02	9.75431782e-03	1.48472107e+00
3.97596666e+00	1.66116998e+00	-5.00175773e-02	5.72603575e-03	1.61687844e+00
4.13175911e+00	1.79390150e+00	-4.22047712e-02	3.10245811e-03	1.75479918e+00
4.28842581e+00	1.93252183e+00	-3.50610523e-02	1.52731068e-03	1.89898808e+00
4.44580900e+00	2.07696992e+00	-2.79315214e-02	6.69634687e-04	2.04970803e+00
4.60375022e+00	2.22716355e+00	-2.05687539e-02	2.54908198e-04	2.20684970e+00
4.76209042e+00	2.38299911e+00	-1.30922998e-02	8.15665172e-05	2.36998838e+00
4.92067018e+00	2.54435156e+00	-5.81285951e-03	2.10559670e-05	2.53855975e+00
5.07932982e+00	2.71107438e+00	9.55033459e-04	4.16343818e-06	2.71203358e+00
5.23790958e+00	2.88299972e+00	7.01161416e-03	5.90850190e-07	2.89001192e+00
5.39624978e+00	3.05993847e+00	1.23004885e-02	5.55157032e-08	3.07223902e+00
5.55419100e+00	3.24168063e+00	1.68752286e-02	3.12819769e-09	3.25855586e+00
5.71157419e+00	3.42799556e+00	2.08330946e-02	9.37731119e-11	3.44882865e+00
5.86824089e+00	3.61863244e+00	2.42401195e-02	1.29604954e-12	3.64287256e+00
6.02403334e+00	3.81332077e+00	2.70691667e-02	6.98531728e-15	3.84038994e+00
6.17879468e+00	4.01177099e+00	2.91748256e-02	1.20797794e-17	4.04094581e+00
6.33236907e+00	4.21367507e+00	3.03217707e-02	5.88960606e-21	4.24399685e+00
6.48460188e+00	4.41870737e+00	3.02680337e-02	5.52042053e-25	4.44897540e+00
6.63533982e+00	4.62652533e+00	2.88796814e-02	7.93755732e-30	4.65540501e+00
6.78443111e+00	4.83677048e+00	2.62281248e-02	1.28041961e-35	4.86299860e+00
6.93172563e+00	5.04906933e+00	2.26155654e-02	1.65993911e-42	5.07168489e+00
7.07707507e+00	5.26303441e+00	1.85069294e-02	1.19569702e-50	5.28154134e+00
7.22033306e+00	5.47826540e+00	1.43987277e-02	3.28936006e-60	5.49266413e+00
7.36135537e+00	5.69435021e+00	1.06895393e-02	2.39029138e-71	5.70503975e+00
7.50000000e+00	5.91086625e+00	7.60912256e-03	3.02413963e-84	5.91847537e+00
7.63612734e+00	6.12738162e+00	5.22064213e-03	4.64727143e-99	6.13260226e+00
7.76960032e+00	6.34345645e+00	3.46954523e-03	6.29512452e-116	6.34692600e+00
7.90028455e+00	6.55864422e+00	2.24313304e-03	5.64518681e-135	6.56088736e+00
8.02804844e+00	6.77249314e+00	1.41600165e-03	2.75697109e-157	6.77390914e+00
8.15276334e+00	6.98454752e+00	8.75568259e-04	1.93598410e-181	6.98542309e+00
8.27430367e+00	7.19434925e+00	5.31894580e-04	3.40480278e-208	7.19488114e+00
8.39254706e+00	7.40143920e+00	3.18367199e-04	1.28827159e-237	7.40175756e+00
8.50737444e+00	7.60535869e+00	1.88304750e-04	9.72645144e-270	7.60554700e+00
8.61867019e+00	7.80565100e+00	1.10380966e-04	1.48234023e-304	7.80576138e+00
8.72632225e+00	8.00186277e+00	6.43121974e-05	0.00000000e+00	8.00192708e+00
8.83022222e+00	8.19354553e+00	3.73521715e-05	0.00000000e+00	8.19358288e+00
8.93026547e+00	8.38025714e+00	2.16872673e-05	0.00000000e+00	8.38027882e+00
9.02635129e+00	8.56156323e+00	1.26234368e-05	0.00000000e+00	8.56157585e+00
9.11838291e+00	8.73703864e+00	7.38628716e-06	0.00000000e+00	8.73704603e+00
9.20626766e+00	8.90626884e+00	4.35622493e-06	0.00000000e+00	8.90627320e+00
9.28991707e+00	9.06885127e+00	2.59643864e-06	0.00000000e+00	9.06885386e+00
9.36924689e+00	9.22439670e+00	1.56793430e-06	0.00000000e+00	9.22439826e+00
9.44417724e+00	9.37253053e+00	9.61748881e-07	0.00000000e+00	9.37253149e+00
9.51463269e+00	9.51289405e+00	6.00636875e-07	0.00000000e+00	9.51289465e+00
9.58054229e+00	9.64514564e+00	3.82807445e-07	0.00000000e+00	9.64514602e+00
9.64183967e+00	9.76896191e+00	2.49556035e-07	0.00000000e+00	9.76896216e+00
9.69846310e+00	9.88403880e+00	1.66769043e-07	0.00000000e+00	9.88403896e+00
9.75035559e+00	9.99009261e+00	1.14468905e-07	0.00000000e+00	9.99009273e+00
9.79746487e+00	1.00868610e+01	8.08665038e-08	0.00000000e+00	1.00868611e+01
9.83974351e+00	1.01741037e+01	5.89051211e-08	0.00000000e+00	1.01741038e+01
9.87714893e+00	1.02516037e+01	4.43227855e-08	0.00000000e+00	1.02516038e+01
9.90964349e+00	1.03191676e+01	3.45069083e-08	0.00000000e+00	1.03191676e+01
9.93719444e+00	1.03766264e+01	2.78355318e-08	0.00000000e+00	1.03766264e+01
9.95977406e+00	1.04238362e+01	2.32975664e-08	0.00000000e+00	1.04238362e+01
9.97735961e+00	1.04606786e+01	2.02610920e-08	0.00000000e+00	1.04606786e+01
9.98993338e+00	1.04870609e+01	1.83214530e-08	0.00000000e+00	1.04870609e+01
9.99748271e+00	1.05029169e+01	1.72428986e-08	0.00000000e+00	1.05029169e+01
1.00000000e+01	1.05082067e+01	1.68954999e-08	0.00000000e+00	1.05082067e+01
