0.00000000e+00	0.00000000e+00	-3.55874734e-01	7.05930410e-02	-2.85281693e-01
2.51728808e-03	6.65877661e-07	-3.55874351e-01	7.05930574e-02	-2.85280627e-01
1.00666176e-02	1.06486794e-05	-3.55868617e-01	7.05932640e-02	-2.85264704e-01
2.26403871e-02	5.38637149e-05	-3.55843821e-01	7.05941286e-02	-2.85195828e-01
4.02259358e-02	1.70036015e-04	-3.55777182e-01	7.05964418e-02	-2.85010705e-01
6.28055566e-02	4.14500199e-04	-3.55636958e-01	7.06013086e-02	-2.84621149e-01
9.03565137e-02	8.57921471e-04	-3.55382684e-01	7.06101657e-02	-2.83914597e-01
1.22851066e-01	1.58593893e-03	-3.54965493e-01	7.06248419e-02	-2.82754712e-01
1.60256493e-01	2.69873272e-03	-3.54328346e-01	7.06476026e-02	-2.80982011e-01
2.02535132e-01	4.31051678e-03	-3.53406752e-01	7.06812997e-02	-2.78414936e-01
2.49644411e-01	6.54895946e-03	-3.52129377e-01	7.07294805e-02	-2.74850937e-01
3.01536896e-01	9.55453434e-03	-3.50418837e-01	7.07966174e-02	-2.70067685e-01
3.58160335e-01	1.34798041e-02	-3.48192927e-01	7.08883231e-02	-2.63824800e-01
4.19457713e-01	1.84886404e-02	-3.45366036e-01	7.10114641e-02	-2.55865932e-01
4.85367309e-01	2.47553829e-02	-3.41851004e-01	7.11742690e-02	-2.45921352e-01
5.55822757e-01	3.24639420e-02	-3.37561604e-01	7.13860436e-02	-2.33711618e-01
6.30753115e-01	4.18068468e-02	-3.32415379e-01	7.16567089e-02	-2.18951823e-01
7.10082934e-01	5.29842456e-02	-3.26337953e-01	7.19955566e-02	-2.01358151e-01
7.93732336e-01	6.62028601e-02	-3.19267942e-01	7.24096147e-02	-1.80655467e-01
8.81617093e-01	8.16748995e-02	-3.11163344e-01	7.29013571e-02	-1.56587087e-01
9.73648712e-01	9.96169391e-02	-3.02008940e-01	7.34660036e-02	-1.28925998e-01
1.06973453e+00	1.20248767e-01	-2.91823463e-01	7.40890429e-02	-9.74856534e-02
1.16977778e+00	1.43792205e-01	-2.80664432e-01	7.47434707e-02	-6.21287563e-02
1.27367775e+00	1.70469910e-01	-2.68626386e-01	7.53862987e-02	-2.27701775e-02
1.38132981e+00	2.00504154e-01	-2.55830266e-01	7.59530127e-02	2.06269002e-02
1.49262556e+00	2.34115601e-01	-2.42405392e-01	7.63510490e-02	6.80612583e-02
1.60745294e+00	2.71522073e-01	-2.28470120e-01	7.64562066e-02	1.19508160e-01
1.72569633e+00	3.12937318e-01	-2.14119293e-01	7.61153133e-02	1.74933338e-01
1.84723666e+00	3.58569781e-01	-1.99420965e-01	7.51545205e-02	2.34303336e-01
1.97195156e+00	4.08621386e-01	-1.84419533e-01	7.33925956e-02	2.97594449e-01
2.09971545e+00	4.63286339e-01	-1.69141672e-01	7.06599725e-02	3.64804639e-01
2.23039968e+00	5.22749943e-01	-1.53602013e-01	6.68262713e-02	4.35974201e-01
2.36387266e+00	5.87187446e-01	-1.37809654e-01	6.18364194e-02	5.11214212e-01
2.50000000e+00	6.56762917e-01	-1.21776393e-01	5.57483821e-02	5.90734906e-01
2.63864463e+00	7.31628158e-01	-1.05529260e-01	4.87592099e-02	6.74858109e-01
2.77966694e+00	8.11921661e-01	-8.91290565e-02	4.12019525e-02	7.63994558e-01
2.92292493e+00	8.97767604e-01	-7.26951585e-02	3.35049465e-02	8.58577392e-01
3.06827437e+00	9.89274901e-01	-5.64335960e-02	2.61201871e-02	9.58961492e-01
3.21556889e+00	1.08653631e+00	-4.06618604e-02	1.94440179e-02	1.06531846e+00
3.36466018e+00	1.18962758e+00	-2.58201856e-02	1.37568313e-02	1.17756422e+00
3.51539812e+00	1.29860670e+00	-1.24532009e-02	9.19645802e-03	1.29534996e+00
3.66763093e+00	1.41351317e+00	-1.15064757e-03	5.76443593e-03	1.41812696e+00
3.82120532e+00	1.53436737e+00	7.55552214e-03	3.35396914e-03	1.54527686e+00
3.97596666e+00	1.66116998e+00	1.33204757e-02	1.78798720e-03	1.67627844e+00
4.13175911e+00	1.79390150e+00	1.61001834e-02	8.58744481e-04	1.81086043e+00
4.28842581e+00	1.93252183e+00	1.61947116e-02	3.63649590e-04	1.94908019e+00
4.44580900e+00	2.07696992e+00	1.41919818e-02	1.32066144e-04	2.09129397e+00
4.60375022e+00	2.22716355e+00	1.08244538e-02	3.97044261e-05	2.23802771e+00
4.76209042e+00	2.38299911e+00	6.80854567e-03	9.44646572e-06	2.38981710e+00
4.92067018e+00	2.54435156e+00	2.73712015e-03	1.68006708e-06	2.54709036e+00
5.07932982e+00	2.71107438e+00	-9.48307924e-04	2.07956709e-07	2.71012628e+00
5.23790958e+00	2.88299972e+00	-3.93239638e-03	1.63918932e-08	2.87906734e+00
5.39624978e+00	3.05993847e+00	-5.99539503e-03	7.37843099e-10	3.05394308e+00
5.55419100e+00	3.24168063e+00	-7.00625279e-03	1.66203828e-11	3.23467438e+00
5.71157419e+00	3.42799556e+00	-6.93859764e-03	1.60075511e-13	3.42105696e+00
5.86824089e+00	3.61863244e+00	-5.89427891e-03	5.47345551e-16	3.61273816e+00
6.02403334e+00	3.81332077e+00	-4.11116734e-03	5.57229292e-19	3.80920960e+00
6.17879468e+00	4.01177099e+00	-1.93801145e-03	1.25800067e-22	4.00983297e+00
6.33236907e+00	4.21367507e+00	2.28846155e-04	4.87503638e-27	4.21390392e+00
6.48460188e+00	4.41870737e+00	2.03414240e-03	2.39360402e-32	4.42074151e+00
6.63533982e+00	4.62652533e+00	3.24626110e-03	1.04568508e-38	4.62977159e+00
6.78443111e+00	4.83677048e+00	3.80053482e-03	2.80424421e-46	4.84057101e+00
6.93172563e+00	5.04906933e+00	3.78482422e-03	3.05919111e-55	5.05285415e+00
7.07707507e+00	5.26303441e+00	3.37856047e-03	8.77210720e-66	5.26641297e+00
7.22033306e+00	5.47826540e+00	2.77806339e-03	4.25446032e-78	5.48104346e+00
7.36135537e+00	5.69435021e+00	2.14133615e-03	2.24272821e-92	5.69649155e+00
7.50000000e+00	5.91086625e+00	1.56654766e-03	7.95222737e-109	5.91243280e+00
7.63612734e+00	6.12738162e+00	1.09758822e-03	1.33331157e-127	6.12847921e+00
7.76960032e+00	6.34345645e+00	7.41378524e-04	5.73169453e-149	6.34419783e+00
7.90028455e+00	6.55864422e+00	4.85188744e-04	1.45390767e-173	6.55912941e+00
8.02804844e+00	6.77249314e+00	3.08874866e-04	1.27590770e-200	6.77280201e+00
8.15276334e+00	6.98454752e+00	1.91939113e-04	1.09320482e-230	6.98473946e+00
8.27430367e+00	7.19434925e+00	1.16802197e-04	7.26541020e-264	7.19446605e+00
8.39254706e+00	7.40143920e+00	6.98210194e-05	3.22350308e-300	7.40150902e+00
8.50737444e+00	7.60535869e+00	4.11231577e-05	0.00000000e+00	7.60539982e+00
8.61867019e+00	7.80565100e+00	2.39360286e-05	0.00000000e+00	7.80567493e+00
8.72632225e+00	8.00186277e+00	1.38096708e-05	0.00000000e+00	8.00187658e+00
8.83022222e+00	8.19354553e+00	7.92100679e-06	0.00000000e+00	8.19355345e+00
8.93026547e+00	8.38025714e+00	4.53050650e-06	0.00000000e+00	8.38026167e+00
9.02635129e+00	8.56156323e+00	2.59171822e-06	0.00000000e+00	8.56156582e+00
9.11838291e+00	8.73703864e+00	1.48735947e-06	0.00000000e+00	8.73704013e+00
9.20626766e+00	8.90626884e+00	8.58888302e-07	0.00000000e+00	8.90626970e+00
9.28991707e+00	9.06885127e+00	5.00553594e-07	0.00000000e+00	9.06885177e+00
9.36924689e+00	9.22439670e+00	2.95278312e-07	0.00000000e+00	9.22439699e+00
9.44417724e+00	9.37253053e+00	1.76822498e-07	0.00000000e+00	9.37253071e+00
9.51463269e+00	9.51289405e+00	1.07796373e-07	0.00000000e+00	9.51289416e+00
9.58054229e+00	9.64514564e+00	6.70844317e-08	0.00000000e+00	9.64514571e+00
9.64183967e+00	9.76896191e+00	4.27311186e-08	0.00000000e+00	9.76896195e+00
9.69846310e+00	9.88403880e+00	2.79310197e-08	0.00000000e+00	9.88403882e+00
9.75035559e+00	9.99009261e+00	1.87799078e-08	0.00000000e+00	9.99009263e+00
9.79746487e+00	1.00868610e+01	1.30178860e-08	0.00000000e+00	1.00868610e+01
9.83974351e+00	1.01741037e+01	9.32280092e-09	0.00000000e+00	1.01741037e+01
9.87714893e+00	1.02516037e+01	6.91122465e-09	0.00000000e+00	1.02516037e+01
9.90964349e+00	1.03191676e+01	5.31273361e-09	0.00000000e+00	1.03191676e+01
9.93719444e+00	1.03766264e+01	4.24126847e-09	0.00000000e+00	1.03766264e+01
9.95977406e+00	1.04238362e+01	3.52093591e-09	0.00000000e+00	1.04238362e+01
9.97735961e+00	1.04606786e+01	3.04286178e-09	0.00000000e+00	1.04606786e+01
9.98993338e+00	1.04870609e+01	2.73995477e-09	0.00000000e+00	1.04870609e+01
9.99748271e+00	1.05029169e+01	2.57224274e-09	0.00000000e+00	1.05029169e+01
1.00000000e+01	1.05082067e+01	2.51854616e-09	0.00000000e+00	1.05082067e+01
