0.00000000e+00	0.00000000e+00	-1.68877708e-01	2.07056022e-02	-1.48172106e-01
2.51728808e-03	6.65877661e-07	-1.68877591e-01	2.07056448e-02	-1.48171280e-01
1.00666176e-02	1.06486794e-05	-1.68875841e-01	2.07063614e-02	-1.48158831e-01
2.26403871e-02	5.38637149e-05	-1.68868277e-01	2.07094837e-02	-1.48104930e-01
4.02259358e-02	1.70036015e-04	-1.68847954e-01	2.07179010e-02	-1.47960017e-01
6.28055566e-02	4.14500199e-04	-1.68805161e-01	2.07356481e-02	-1.47655012e-01
9.03565137e-02	8.57921471e-04	-1.68727569e-01	2.07677635e-02	-1.47101884e-01
1.22851066e-01	1.58593893e-03	-1.68600178e-01	2.08202391e-02	-1.46194000e-01
1.60256493e-01	2.69873272e-03	-1.68405493e-01	2.08999059e-02	-1.44806854e-01
2.02535132e-01	4.31051678e-03	-1.68123537e-01	2.10140298e-02	-1.42798991e-01
2.49644411e-01	6.54895946e-03	-1.67732085e-01	2.11700470e-02	-1.40013078e-01
3.01536896e-01	9.55453434e-03	-1.67206692e-01	2.13749391e-02	-1.36277219e-01
3.58160335e-01	1.34798041e-02	-1.66520997e-01	2.16347617e-02	-1.31406432e-01
4.19457713e-01	1.84886404e-02	-1.65646823e-01	2.19536010e-02	-1.25204582e-01
4.85367309e-01	2.47553829e-02	-1.64554569e-01	2.23328672e-02	-1.17466319e-01
5.55822757e-01	3.24639420e-02	-1.63213574e-01	2.27700520e-02	-1.07979580e-01
6.30753115e-01	4.18068468e-02	-1.61592691e-01	2.32578113e-02	-9.65280334e-02
7.10082934e-01	5.29842456e-02	-1.59661031e-01	2.37829822e-02	-8.28938028e-02
7.93732336e-01	6.62028601e-02	-1.57389140e-01	2.43258298e-02	-6.68604499e-02
8.81617093e-01	8.16748995e-02	-1.54750521e-01	2.48598975e-02	-4.82157239e-02
9.73648712e-01	9.96169391e-02	-1.51723833e-01	2.53525870e-02	-2.67543073e-02
1.06973453e+00	1.20248767e-01	-1.48295695e-01	2.57667603e-02	-2.28016809e-03
1.16977778e+00	1.43792205e-01	-1.44463801e-01	2.60636572e-02	2.53920614e-02
1.27367775e+00	1.70469910e-01	-1.40239735e-01	2.62067483e-02	5.64369229e-02
1.38132981e+00	2.00504154e-01	-1.35649740e-01	2.61652794e-02	9.10196935e-02
1.49262556e+00	2.34115601e-01	-1.30731847e-01	2.59159307e-02	1.29299684e-01
1.60745294e+00	2.71522073e-01	-1.25529110e-01	2.54410822e-02	1.71434046e-01
1.72569633e+00	3.12937318e-01	-1.20081693e-01	2.47257254e-02	2.17581350e-01
1.84723666e+00	3.58569781e-01	-1.14421387e-01	2.37556465e-02	2.67904040e-01
1.97195156e+00	4.08621386e-01	-1.08570347e-01	2.25193091e-02	3.22570348e-01
2.09971545e+00	4.63286339e-01	-1.02543268e-01	2.10135752e-02	3.81756646e-01
2.23039968e+00	5.22749943e-01	-9.63508093e-02	1.92511838e-02	4.45650317e-01
2.36387266e+00	5.87187446e-01	-9.00035592e-02	1.72675036e-02	5.14451390e-01
2.50000000e+00	6.56762917e-01	-8.35166521e-02	1.51231326e-02	5.88369397e-01
2.63864463e+00	7.31628158e-01	-7.69162169e-02	1.29003652e-02	6.67612307e-01
2.77966694e+00	8.11921661e-01	-7.02482929e-02	1.06928000e-02	7.52366169e-01
2.92292493e+00	8.97767604e-01	-6.35901586e-02	8.59205974e-03	8.42769505e-01
3.06827437e+00	9.89274901e-01	-5.70615215e-02	6.67550190e-03	9.38888881e-01
3.21556889e+00	1.08653631e+00	-5.08298785e-02	4.99856260e-03	1.04070499e+00
3.36466018e+00	1.18962758e+00	-4.51008387e-02	3.59221961e-03	1.14811896e+00
3.51539812e+00	1.29860670e+00	-4.00843515e-02	2.46423996e-03	1.26098659e+00
3.66763093e+00	1.41351317e+00	-3.59337911e-02	1.60241074e-03	1.37918179e+00
3.82120532e+00	1.53436737e+00	-3.26716903e-02	9.78980255e-04	1.50267466e+00
3.97596666e+00	1.66116998e+00	-3.01354287e-02	5.55638818e-04	1.63159019e+00
4.13175911e+00	1.79390150e+00	-2.79857127e-02	2.88820504e-04	1.76620461e+00
4.28842581e+00	1.93252183e+00	-2.57975440e-02	1.35029110e-04	1.90685931e+00
4.44580900e+00	2.07696992e+00	-2.32037551e-02	5.54936056e-05	2.05382166e+00
4.60375022e+00	2.22716355e+00	-2.00172747e-02	1.94745968e-05	2.20716575e+00
4.76209042e+00	2.38299911e+00	-1.62669078e-02	5.62558473e-06	2.36673783e+00
4.92067018e+00	2.54435156e+00	-1.21404877e-02	1.27717162e-06	2.53221235e+00
5.07932982e+00	2.71107438e+00	-7.88482505e-03	2.15034939e-07	2.70318977e+00
5.23790958e+00	2.88299972e+00	-3.72223352e-03	2.49799503e-08	2.87927751e+00
5.39624978e+00	3.05993847e+00	1.89261466e-04	1.83134500e-09	3.06012774e+00
5.55419100e+00	3.24168063e+00	3.75578191e-03	7.60192541e-11	3.24543641e+00
5.71157419e+00	3.42799556e+00	6.92327924e-03	1.56720114e-12	3.43491884e+00
5.86824089e+00	3.61863244e+00	9.64558202e-03	1.37362374e-14	3.62827802e+00
6.02403334e+00	3.81332077e+00	1.18575821e-02	4.26679441e-17	3.82517835e+00
6.17879468e+00	4.01177099e+00	1.34660477e-02	3.99287040e-20	4.02523703e+00
6.33236907e+00	4.21367507e+00	1.43647433e-02	8.35856260e-24	4.22803982e+00
6.48460188e+00	4.41870737e+00	1.44745531e-02	3.07297612e-28	4.43318192e+00
6.63533982e+00	4.62652533e+00	1.37924824e-02	1.47205209e-33	4.64031781e+00
6.78443111e+00	4.83677048e+00	1.24255948e-02	6.55803115e-40	4.84919607e+00
6.93172563e+00	5.04906933e+00	1.05857253e-02	1.89495523e-47	5.05965505e+00
7.07707507e+00	5.26303441e+00	8.54155627e-03	2.41459207e-56	5.27157597e+00
7.22033306e+00	5.47826540e+00	6.54903173e-03	8.89887859e-67	5.48481443e+00
7.36135537e+00	5.69435021e+00	4.79380444e-03	6.65846686e-79	5.69914402e+00
7.50000000e+00	5.91086625e+00	3.36853117e-03	6.28742882e-93	5.91423478e+00
7.63612734e+00	6.12738162e+00	2.28492578e-03	5.43980550e-109	6.12966654e+00
7.76960032e+00	6.34345645e+00	1.50365947e-03	2.84060087e-127	6.34496011e+00
7.90028455e+00	6.55864422e+00	9.64031671e-04	5.14079675e-148	6.55960825e+00
8.02804844e+00	6.77249314e+00	6.04224277e-04	6.72464506e-172	6.77309736e+00
8.15276334e+00	6.98454752e+00	3.71320727e-04	6.21307101e-198	6.98491884e+00
8.27430367e+00	7.19434925e+00	2.24347483e-04	9.84997676e-227	7.19457360e+00
8.39254706e+00	7.40143920e+00	1.33616977e-04	2.30191430e-258	7.40157281e+00
8.50737444e+00	7.60535869e+00	7.86532135e-05	7.39235898e-293	7.60543735e+00
8.61867019e+00	7.80565100e+00	4.58832127e-05	0.00000000e+00	7.80569688e+00
8.72632225e+00	8.00186277e+00	2.65982434e-05	0.00000000e+00	8.00188937e+00
8.83022222e+00	8.19354553e+00	1.53643530e-05	0.00000000e+00	8.19356089e+00
8.93026547e+00	8.38025714e+00	8.86817794e-06	0.00000000e+00	8.38026601e+00
9.02635129e+00	8.56156323e+00	5.12894294e-06	0.00000000e+00	8.56156836e+00
9.11838291e+00	8.73703864e+00	2.98043295e-06	0.00000000e+00	8.73704162e+00
9.20626766e+00	8.90626884e+00	1.74500069e-06	0.00000000e+00	8.90627059e+00
9.28991707e+00	9.06885127e+00	1.03215025e-06	0.00000000e+00	9.06885230e+00
9.36924689e+00	9.22439670e+00	6.18436188e-07	0.00000000e+00	9.22439731e+00
9.44417724e+00	9.37253053e+00	3.76343781e-07	0.00000000e+00	9.37253091e+00
9.51463269e+00	9.51289405e+00	2.33194424e-07	0.00000000e+00	9.51289428e+00
9.58054229e+00	9.64514564e+00	1.47498139e-07	0.00000000e+00	9.64514579e+00
9.64183967e+00	9.76896191e+00	9.54625672e-08	0.00000000e+00	9.76896200e+00
9.69846310e+00	9.88403880e+00	6.33661032e-08	0.00000000e+00	9.88403886e+00
9.75035559e+00	9.99009261e+00	4.32341985e-08	0.00000000e+00	9.99009266e+00
9.79746487e+00	1.00868610e+01	3.03843600e-08	0.00000000e+00	1.00868610e+01
9.83974351e+00	1.01741037e+01	2.20376019e-08	0.00000000e+00	1.01741038e+01
9.87714893e+00	1.02516037e+01	1.65246125e-08	0.00000000e+00	1.02516037e+01
9.90964349e+00	1.03191676e+01	1.28317565e-08	0.00000000e+00	1.03191676e+01
9.93719444e+00	1.03766264e+01	1.03330091e-08	0.00000000e+00	1.03766264e+01
9.95977406e+00	1.04238362e+01	8.64005654e-09	0.00000000e+00	1.04238362e+01
9.97735961e+00	1.04606786e+01	7.50933814e-09	0.00000000e+00	1.04606786e+01
9.98993338e+00	1.04870609e+01	6.78928168e-09	0.00000000e+00	1.04870609e+01
9.99748271e+00	1.05029169e+01	6.38925891e-09	0.00000000e+00	1.05029169e+01
1.00000000e+01	1.05082067e+01	6.26098522e-09	0.00000000e+00	1.05082067e+01
