0.00000000e+00	0.00000000e+00	-3.36929802e-01	1.16583707e-01	-2.20346094e-01
2.51728808e-03	6.65877661e-07	-3.36929596e-01	1.16583770e-01	-2.20345160e-01
1.00666176e-02	1.06486794e-05	-3.36926525e-01	1.16585150e-01	-2.20330726e-01
2.26403871e-02	5.38637149e-05	-3.36913255e-01	1.16591197e-01	-2.20268194e-01
4.02259358e-02	1.70036015e-04	-3.36877596e-01	1.16607510e-01	-2.20100049e-01
6.28055566e-02	4.14500199e-04	-3.36802522e-01	1.16641955e-01	-2.19746066e-01
9.03565137e-02	8.57921471e-04	-3.36666420e-01	1.16704426e-01	-2.19104073e-01
1.22851066e-01	1.58593893e-03	-3.36443010e-01	1.16806510e-01	-2.18050561e-01
1.60256493e-01	2.69873272e-03	-3.36101726e-01	1.16961214e-01	-2.16441779e-01
2.02535132e-01	4.31051678e-03	-3.35607749e-01	1.17182094e-01	-2.14115138e-01
2.49644411e-01	6.54895946e-03	-3.34922487e-01	1.17482781e-01	-2.10890747e-01
3.01536896e-01	9.55453434e-03	-3.34003797e-01	1.17875218e-01	-2.06574044e-01
3.58160335e-01	1.34798041e-02	-3.32806368e-01	1.18368319e-01	-2.00958245e-01
4.19457713e-01	1.84886404e-02	-3.31282302e-01	1.18965675e-01	-1.93827986e-01
4.85367309e-01	2.47553829e-02	-3.29381642e-01	1.19662913e-01	-1.84963345e-01
5.55822757e-01	3.24639420e-02	-3.27053063e-01	1.20445330e-01	-1.74143791e-01
6.30753115e-01	4.18068468e-02	-3.24244524e-01	1.21284203e-01	-1.61153473e-01
7.10082934e-01	5.29842456e-02	-3.20904219e-01	1.22133319e-01	-1.45786654e-01
7.93732336e-01	6.62028601e-02	-3.16981318e-01	1.22925651e-01	-1.27852806e-01
8.81617093e-01	8.16748995e-02	-3.12427146e-01	1.23571450e-01	-1.07180796e-01
9.73648712e-01	9.96169391e-02	-3.07196236e-01	1.23955657e-01	-8.36236401e-02
1.06973453e+00	1.20248767e-01	-3.01247595e-01	1.23939602e-01	-5.70592261e-02
1.16977778e+00	1.43792205e-01	-2.94546298e-01	1.23364060e-01	-2.73900335e-02
1.27367775e+00	1.70469910e-01	-2.87065724e-01	1.22056904e-01	5.46108976e-03
1.38132981e+00	2.00504154e-01	-2.78790178e-01	1.19847646e-01	4.15616219e-02
1.49262556e+00	2.34115601e-01	-2.69718560e-01	1.16586776e-01	8.09838170e-02
1.60745294e+00	2.71522073e-01	-2.59868653e-01	1.12171180e-01	1.23824601e-01
1.72569633e+00	3.12937318e-01	-2.49280307e-01	1.06571517e-01	1.70228528e-01
1.84723666e+00	3.58569781e-01	-2.38014988e-01	9.98513093e-02	2.20406102e-01
1.97195156e+00	4.08621386e-01	-2.26149441e-01	9.21686846e-02	2.74640630e-01
2.09971545e+00	4.63286339e-01	-2.13766779e-01	8.37568236e-02	3.33276384e-01
2.23039968e+00	5.22749943e-01	-2.00952307e-01	7.48919039e-02	3.96689540e-01
2.36387266e+00	5.87187446e-01	-1.87801210e-01	6.58613532e-02	4.65247589e-01
2.50000000e+00	6.56762917e-01	-1.74436841e-01	5.69362597e-02	5.39262335e-01
2.63864463e+00	7.31628158e-01	-1.61032099e-01	4.83527641e-02	6.18948823e-01
2.77966694e+00	8.11921661e-01	-1.47824141e-01	4.03019444e-02	7.04399465e-01
2.92292493e+00	8.97767604e-01	-1.35110034e-01	3.29272887e-02	7.95584859e-01
3.06827437e+00	9.89274901e-01	-1.23211445e-01	2.63256917e-02	8.92389147e-01
3.21556889e+00	1.08653631e+00	-1.12402666e-01	2.05521596e-02	9.94685800e-01
3.36466018e+00	1.18962758e+00	-1.02813441e-01	1.56241920e-02	1.10243833e+00
3.51539812e+00	1.29860670e+00	-9.43438753e-02	1.15272380e-02	1.21579006e+00
3.66763093e+00	1.41351317e+00	-8.66432773e-02	8.21897436e-03	1.33508887e+00
3.82120532e+00	1.53436737e+00	-7.91946735e-02	5.63401101e-03	1.46080671e+00
3.97596666e+00	1.66116998e+00	-7.14883598e-02	3.68927835e-03	1.59337090e+00
4.13175911e+00	1.79390150e+00	-6.32050407e-02	2.28943239e-03	1.73298589e+00
4.28842581e+00	1.93252183e+00	-5.43119042e-02	1.33313307e-03	1.87954305e+00
4.44580900e+00	2.07696992e+00	-4.50304617e-02	7.19463811e-04	2.03265892e+00
4.60375022e+00	2.22716355e+00	-3.57187374e-02	3.54315347e-04	2.19179913e+00
4.76209042e+00	2.38299911e+00	-2.67446048e-02	1.56152511e-04	2.35641066e+00
4.92067018e+00	2.54435156e+00	-1.84032442e-02	6.00956985e-05	2.52600841e+00
5.07932982e+00	2.71107438e+00	-1.08858697e-02	1.95828227e-05	2.70020810e+00
5.23790958e+00	2.88299972e+00	-4.28305712e-03	5.19834523e-06	2.87872186e+00
5.39624978e+00	3.05993847e+00	1.39729577e-03	1.07113615e-06	3.06133684e+00
5.55419100e+00	3.24168063e+00	6.20714470e-03	1.61345628e-07	3.24788794e+00
5.71157419e+00	3.42799556e+00	1.02358449e-02	1.65083701e-08	3.43823142e+00
5.86824089e+00	3.61863244e+00	1.35873132e-02	1.04882500e-09	3.63221975e+00
6.02403334e+00	3.81332077e+00	1.63574802e-02	3.71633624e-11	3.82967825e+00
6.17879468e+00	4.01177099e+00	1.86115339e-02	6.46615228e-13	4.03038252e+00
6.33236907e+00	4.21367507e+00	2.03656827e-02	4.76028547e-15	4.23404076e+00
6.48460188e+00	4.41870737e+00	2.15783119e-02	1.25183467e-17	4.44028568e+00
6.63533982e+00	4.62652533e+00	2.21607598e-02	1.10770865e-20	4.64868609e+00
6.78443111e+00	4.83677048e+00	2.20115541e-02	2.17227899e-24	4.85878203e+00
6.93172563e+00	5.04906933e+00	2.10679212e-02	7.98439971e-29	5.07013725e+00
7.07707507e+00	5.26303441e+00	1.93573476e-02	4.24972621e-34	5.28239176e+00
7.22033306e+00	5.47826540e+00	1.70238574e-02	2.44050244e-40	5.49528926e+00
7.36135537e+00	5.69435021e+00	1.43110477e-02	1.12334787e-47	5.70866126e+00
7.50000000e+00	5.91086625e+00	1.15058577e-02	3.11479045e-56	5.92237211e+00
7.63612734e+00	6.12738162e+00	8.86817789e-03	3.78889441e-66	6.13624980e+00
7.76960032e+00	6.34345645e+00	6.57795102e-03	1.56029080e-77	6.35003440e+00
7.90028455e+00	6.55864422e+00	4.71769519e-03	1.69820058e-90	6.56336192e+00
8.02804844e+00	6.77249314e+00	3.28758652e-03	3.80164778e-105	6.77578072e+00
8.15276334e+00	6.98454752e+00	2.23624381e-03	1.39208321e-121	6.98678376e+00
8.27430367e+00	7.19434925e+00	1.49069781e-03	6.08028171e-140	7.19583995e+00
8.39254706e+00	7.40143920e+00	9.77185224e-04	9.87654760e-162	7.40241638e+00
8.50737444e+00	7.60535869e+00	6.31803594e-04	2.35405443e-184	7.60599050e+00
8.61867019e+00	7.80565100e+00	4.04021446e-04	5.16864795e-209	7.80605502e+00
8.72632225e+00	8.00186277e+00	2.56208338e-04	1.09466535e-235	8.00211898e+00
8.83022222e+00	8.19354553e+00	1.61543461e-04	2.53344161e-264	8.19370707e+00
8.93026547e+00	8.38025714e+00	1.01537937e-04	7.89539510e-295	8.38035868e+00
9.02635129e+00	8.56156323e+00	6.37905263e-05	0.00000000e+00	8.56162702e+00
9.11838291e+00	8.73703864e+00	4.01611255e-05	0.00000000e+00	8.73707880e+00
9.20626766e+00	8.90626884e+00	2.54048676e-05	0.00000000e+00	8.90629425e+00
9.28991707e+00	9.06885127e+00	1.61885066e-05	0.00000000e+00	9.06886746e+00
9.36924689e+00	9.22439670e+00	1.04179082e-05	0.00000000e+00	9.22440711e+00
9.44417724e+00	9.37253053e+00	6.78766082e-06	0.00000000e+00	9.37253732e+00
9.51463269e+00	9.51289405e+00	4.48815357e-06	0.00000000e+00	9.51289854e+00
9.58054229e+00	9.64514564e+00	3.01890536e-06	0.00000000e+00	9.64514866e+00
9.64183967e+00	9.76896191e+00	2.07033778e-06	0.00000000e+00	9.76896398e+00
9.69846310e+00	9.88403880e+00	1.45068010e-06	0.00000000e+00	9.88404025e+00
9.75035559e+00	9.99009261e+00	1.04070736e-06	0.00000000e+00	9.99009365e+00
9.79746487e+00	1.00868610e+01	7.65857833e-07	0.00000000e+00	1.00868617e+01
9.83974351e+00	1.01741037e+01	5.79155420e-07	0.00000000e+00	1.01741043e+01
9.87714893e+00	1.02516037e+01	4.50787090e-07	0.00000000e+00	1.02516042e+01
9.90964349e+00	1.03191676e+01	3.61675389e-07	0.00000000e+00	1.03191680e+01
9.93719444e+00	1.03766264e+01	2.99502366e-07	0.00000000e+00	1.03766267e+01
9.95977406e+00	1.04238362e+01	2.56270642e-07	0.00000000e+00	1.04238365e+01
9.97735961e+00	1.04606786e+01	2.26787065e-07	0.00000000e+00	1.04606788e+01
9.98993338e+00	1.04870609e+01	2.07718978e-07	0.00000000e+00	1.04870611e+01
9.99748271e+00	1.05029169e+01	1.97015391e-07	0.00000000e+00	1.05029171e+01
1.00000000e+01	1.05082067e+01	1.93564508e-07	0.00000000e+00	1.05082069e+01
