0.00000000e+00	0.00000000e+00	-2.33092530e-01	4.65729729e-02	-1.86519557e-01
2.51728808e-03	6.65877661e-07	-2.33092380e-01	4.65730339e-02	-1.86518680e-01
1.00666176e-02	1.06486794e-05	-2.33090132e-01	4.65741261e-02	-1.86505357e-01
2.26403871e-02	5.38637149e-05	-2.33080418e-01	4.65788954e-02	-1.86447659e-01
4.02259358e-02	1.70036015e-04	-2.33054316e-01	4.65917310e-02	-1.86292549e-01
6.28055566e-02	4.14500199e-04	-2.32999361e-01	4.66188402e-02	-1.85966021e-01
9.03565137e-02	8.57921471e-04	-2.32899722e-01	4.66679955e-02	-1.85373805e-01
1.22851066e-01	1.58593893e-03	-2.32736141e-01	4.67483281e-02	-1.84401874e-01
1.60256493e-01	2.69873272e-03	-2.32486193e-01	4.68702661e-02	-1.82917194e-01
2.02535132e-01	4.31051678e-03	-2.32124286e-01	4.70450619e-02	-1.80768707e-01
2.49644411e-01	6.54895946e-03	-2.31621987e-01	4.72841372e-02	-1.77788891e-01
3.01536896e-01	9.55453434e-03	-2.30948102e-01	4.75985175e-02	-1.73795050e-01
3.58160335e-01	1.34798041e-02	-2.30068992e-01	4.79974853e-02	-1.68591702e-01
4.19457713e-01	1.84886404e-02	-2.28948834e-01	4.84877266e-02	-1.61972467e-01
4.85367309e-01	2.47553829e-02	-2.27550054e-01	4.90716780e-02	-1.53722993e-01
5.55822757e-01	3.24639420e-02	-2.25833684e-01	4.97455524e-02	-1.43624189e-01
6.30753115e-01	4.18068468e-02	-2.23759989e-01	5.04979564e-02	-1.31455186e-01
7.10082934e-01	5.29842456e-02	-2.21289170e-01	5.13076887e-02	-1.16997236e-01
7.93732336e-01	6.62028601e-02	-2.18382208e-01	5.21420008e-02	-1.00037347e-01
8.81617093e-01	8.16748995e-02	-2.15002161e-01	5.29555400e-02	-8.03717213e-02
9.73648712e-01	9.96169391e-02	-2.11115831e-01	5.36889365e-02	-5.78099556e-02
1.06973453e+00	1.20248767e-01	-2.06695839e-01	5.42704371e-02	-3.21766345e-02
1.16977778e+00	1.43792205e-01	-2.01723554e-01	5.46176035e-02	-3.31374523e-03
1.27367775e+00	1.70469910e-01	-1.96192785e-01	5.46426274e-02	2.89197520e-02
1.38132981e+00	2.00504154e-01	-1.90113348e-01	5.42601115e-02	6.46509172e-02
1.49262556e+00	2.34115601e-01	-1.83513618e-01	5.33961894e-02	1.03998172e-01
1.60745294e+00	2.71522073e-01	-1.76439184e-01	5.19975721e-02	1.47080462e-01
1.72569633e+00	3.12937318e-01	-1.68946228e-01	5.00364461e-02	1.94027537e-01
1.84723666e+00	3.58569781e-01	-1.61091081e-01	4.75115436e-02	2.44990243e-01
1.97195156e+00	4.08621386e-01	-1.52920899e-01	4.44484575e-02	3.00148944e-01
2.09971545e+00	4.63286339e-01	-1.44470315e-01	4.09027419e-02	3.59718766e-01
2.23039968e+00	5.22749943e-01	-1.35765107e-01	3.69636593e-02	4.23948496e-01
2.36387266e+00	5.87187446e-01	-1.26830677e-01	3.27529802e-02	4.93109749e-01
2.50000000e+00	6.56762917e-01	-1.17703875e-01	2.84163575e-02	5.67475399e-01
2.63864463e+00	7.31628158e-01	-1.08446952e-01	2.41076579e-02	6.47288865e-01
2.77966694e+00	8.11921661e-01	-9.91627101e-02	1.99718764e-02	7.32730828e-01
2.92292493e+00	8.97767604e-01	-9.00076118e-02	1.61308580e-02	8.23890850e-01
3.06827437e+00	9.89274901e-01	-8.11954944e-02	1.26757242e-02	9.20755131e-01
3.21556889e+00	1.08653631e+00	-7.29820825e-02	9.66479235e-03	1.02321902e+00
3.36466018e+00	1.18962758e+00	-6.56201631e-02	7.12513123e-03	1.13113255e+00
3.51539812e+00	1.29860670e+00	-5.92854721e-02	5.05640313e-03	1.24437763e+00
3.66763093e+00	1.41351317e+00	-5.39918136e-02	3.43475655e-03	1.36295611e+00
3.82120532e+00	1.53436737e+00	-4.95361206e-02	2.21766604e-03	1.48704891e+00
3.97596666e+00	1.66116998e+00	-4.55203213e-02	1.34896981e-03	1.61699863e+00
4.13175911e+00	1.79390150e+00	-4.14664290e-02	7.64551760e-04	1.75319962e+00
4.28842581e+00	1.93252183e+00	-3.69825076e-02	3.98154905e-04	1.89593747e+00
4.44580900e+00	2.07696992e+00	-3.18941519e-02	1.87202242e-04	2.04526297e+00
4.60375022e+00	2.22716355e+00	-2.62728204e-02	7.77248842e-05	2.20096845e+00
4.76209042e+00	2.38299911e+00	-2.03629170e-02	2.77104080e-05	2.36266390e+00
4.92067018e+00	2.54435156e+00	-1.44665912e-02	8.18905357e-06	2.52989316e+00
5.07932982e+00	2.71107438e+00	-8.84938121e-03	1.91898501e-06	2.70222692e+00
5.23790958e+00	2.88299972e+00	-3.69354656e-03	3.37310111e-07	2.87930651e+00
5.39624978e+00	3.05993847e+00	9.08660047e-04	4.15143250e-08	3.06084717e+00
5.55419100e+00	3.24168063e+00	4.93740277e-03	3.28664801e-09	3.24661804e+00
5.71157419e+00	3.42799556e+00	8.41636147e-03	1.50985414e-10	3.43641192e+00
5.86824089e+00	3.61863244e+00	1.13802401e-02	3.55583444e-12	3.63001268e+00
6.02403334e+00	3.81332077e+00	1.38439503e-02	3.70888678e-14	3.82716472e+00
6.17879468e+00	4.01177099e+00	1.57813783e-02	1.44272333e-16	4.02755236e+00
6.33236907e+00	4.21367507e+00	1.71198657e-02	1.84274301e-19	4.23079494e+00
6.48460188e+00	4.41870737e+00	1.77594688e-02	5.66155389e-23	4.43646683e+00
6.63533982e+00	4.62652533e+00	1.76156498e-02	3.38154345e-27	4.64414098e+00
6.78443111e+00	4.83677048e+00	1.66724200e-02	2.95906809e-32	4.85344290e+00
6.93172563e+00	5.04906933e+00	1.50224359e-02	2.78272598e-38	5.06409176e+00
7.07707507e+00	5.26303441e+00	1.28694872e-02	2.01560293e-45	5.27590390e+00
7.22033306e+00	5.47826540e+00	1.04862025e-02	7.96630910e-54	5.48875160e+00
7.36135537e+00	5.69435021e+00	8.14475804e-03	1.20979277e-63	5.70249497e+00
7.50000000e+00	5.91086625e+00	6.05375287e-03	4.95805897e-75	5.91692000e+00
7.63612734e+00	6.12738162e+00	4.32712547e-03	3.69680153e-88	6.13170874e+00
7.76960032e+00	6.34345645e+00	2.99013335e-03	3.96011589e-103	6.34644658e+00
7.90028455e+00	6.55864422e+00	2.00745787e-03	4.20039813e-120	6.56065168e+00
8.02804844e+00	6.77249314e+00	1.31501676e-03	3.34580352e-139	6.77380815e+00
8.15276334e+00	6.98454752e+00	8.43545697e-04	1.35912118e-161	6.98539107e+00
8.27430367e+00	7.19434925e+00	5.31509256e-04	1.45180635e-185	7.19488076e+00
8.39254706e+00	7.40143920e+00	3.29872958e-04	5.63756957e-212	7.40176907e+00
8.50737444e+00	7.60535869e+00	2.02193653e-04	7.33520524e-241	7.60556089e+00
8.61867019e+00	7.80565100e+00	1.22722664e-04	3.19100516e-272	7.80577372e+00
8.72632225e+00	8.00186277e+00	7.39554512e-05	5.05558464e-306	8.00193672e+00
8.83022222e+00	8.19354553e+00	4.43681288e-05	0.00000000e+00	8.19358990e+00
8.93026547e+00	8.38025714e+00	2.65706807e-05	0.00000000e+00	8.38028371e+00
9.02635129e+00	8.56156323e+00	1.59273706e-05	0.00000000e+00	8.56157915e+00
9.11838291e+00	8.73703864e+00	9.58230601e-06	0.00000000e+00	8.73704823e+00
9.20626766e+00	8.90626884e+00	5.80169641e-06	0.00000000e+00	8.90627464e+00
9.28991707e+00	9.06885127e+00	3.54439412e-06	0.00000000e+00	9.06885481e+00
9.36924689e+00	9.22439670e+00	2.19067717e-06	0.00000000e+00	9.22439889e+00
9.44417724e+00	9.37253053e+00	1.37331828e-06	0.00000000e+00	9.37253190e+00
9.51463269e+00	9.51289405e+00	8.75399198e-07	0.00000000e+00	9.51289493e+00
9.58054229e+00	9.64514564e+00	5.68777538e-07	0.00000000e+00	9.64514621e+00
9.64183967e+00	9.76896191e+00	3.77558079e-07	0.00000000e+00	9.76896228e+00
9.69846310e+00	9.88403880e+00	2.56627878e-07	0.00000000e+00	9.88403905e+00
9.75035559e+00	9.99009261e+00	1.78990952e-07	0.00000000e+00	9.99009279e+00
9.79746487e+00	1.00868610e+01	1.28360181e-07	0.00000000e+00	1.00868611e+01
9.83974351e+00	1.01741037e+01	9.48215303e-08	0.00000000e+00	1.01741038e+01
9.87714893e+00	1.02516037e+01	7.22782163e-08	0.00000000e+00	1.02516038e+01
9.90964349e+00	1.03191676e+01	5.69389341e-08	0.00000000e+00	1.03191677e+01
9.93719444e+00	1.03766264e+01	4.64204552e-08	0.00000000e+00	1.03766265e+01
9.95977406e+00	1.04238362e+01	3.92121125e-08	0.00000000e+00	1.04238363e+01
9.97735961e+00	1.04606786e+01	3.43529487e-08	0.00000000e+00	1.04606786e+01
9.98993338e+00	1.04870609e+01	3.12373531e-08	0.00000000e+00	1.04870609e+01
9.99748271e+00	1.05029169e+01	2.94988179e-08	0.00000000e+00	1.05029169e+01
1.00000000e+01	1.05082067e+01	2.89400414e-08	0.00000000e+00	1.05082067e+01
