0.00000000e+00	0.00000000e+00	-3.28229357e-01	1.04773672e-01	-2.23455685e-01
2.51728808e-03	6.65877661e-07	-3.28229162e-01	1.04773738e-01	-2.23454759e-01
1.00666176e-02	1.06486794e-05	-3.28226246e-01	1.04775123e-01	-2.23440474e-01
2.26403871e-02	5.38637149e-05	-3.28213647e-01	1.04781184e-01	-2.23378600e-01
4.02259358e-02	1.70036015e-04	-3.28179795e-01	1.04797545e-01	-2.23212214e-01
6.28055566e-02	4.14500199e-04	-3.28108522e-01	1.04832052e-01	-2.22861969e-01
9.03565137e-02	8.57921471e-04	-3.27979309e-01	1.04894639e-01	-2.22226749e-01
1.22851066e-01	1.58593893e-03	-3.27767196e-01	1.04996964e-01	-2.21184293e-01
1.60256493e-01	2.69873272e-03	-3.27443167e-01	1.05152008e-01	-2.19592427e-01
2.02535132e-01	4.31051678e-03	-3.26974160e-01	1.05373647e-01	-2.17289996e-01
2.49644411e-01	6.54895946e-03	-3.26323532e-01	1.05675868e-01	-2.14098705e-01
3.01536896e-01	9.55453434e-03	-3.25451211e-01	1.06070977e-01	-2.09825700e-01
3.58160335e-01	1.34798041e-02	-3.24314209e-01	1.06568732e-01	-2.04265674e-01
4.19457713e-01	1.84886404e-02	-3.22866986e-01	1.07174009e-01	-1.97204336e-01
4.85367309e-01	2.47553829e-02	-3.21062090e-01	1.07884324e-01	-1.88422384e-01
5.55822757e-01	3.24639420e-02	-3.18850731e-01	1.08687381e-01	-1.77699408e-01
6.30753115e-01	4.18068468e-02	-3.16183491e-01	1.09557684e-01	-1.64818960e-01
7.10082934e-01	5.29842456e-02	-3.13011221e-01	1.10454080e-01	-1.49572895e-01
7.93732336e-01	6.62028601e-02	-3.09285904e-01	1.11314795e-01	-1.31768249e-01
8.81617093e-01	8.16748995e-02	-3.04961682e-01	1.12057192e-01	-1.11229591e-01
9.73648712e-01	9.96169391e-02	-2.99996182e-01	1.12574505e-01	-8.78047372e-02
1.06973453e+00	1.20248767e-01	-2.94351897e-01	1.12737227e-01	-6.13659033e-02
1.16977778e+00	1.43792205e-01	-2.87998027e-01	1.12395649e-01	-3.18101727e-02
1.27367775e+00	1.70469910e-01	-2.80912928e-01	1.11387747e-01	9.44728975e-04
1.38132981e+00	2.00504154e-01	-2.73087226e-01	1.09550922e-01	3.69678491e-02
1.49262556e+00	2.34115601e-01	-2.64527766e-01	1.06741977e-01	7.63298120e-02
1.60745294e+00	2.71522073e-01	-2.55261648e-01	1.02860236e-01	1.19120661e-01
1.72569633e+00	3.12937318e-01	-2.45338616e-01	9.78725845e-02	1.65471287e-01
1.84723666e+00	3.58569781e-01	-2.34828746e-01	9.18316035e-02	2.15572639e-01
1.97195156e+00	4.08621386e-01	-2.23814288e-01	8.48757732e-02	2.69682871e-01
2.09971545e+00	4.63286339e-01	-2.12379881e-01	7.72131029e-02	3.28119561e-01
2.23039968e+00	5.22749943e-01	-2.00609146e-01	6.90947423e-02	3.91235539e-01
2.36387266e+00	5.87187446e-01	-1.88593274e-01	6.07868951e-02	4.59381067e-01
2.50000000e+00	6.56762917e-01	-1.76448636e-01	5.25458880e-02	5.32860169e-01
2.63864463e+00	7.31628158e-01	-1.64337638e-01	4.45990786e-02	6.11889599e-01
2.77966694e+00	8.11921661e-01	-1.52482072e-01	3.71329275e-02	6.96572517e-01
2.92292493e+00	8.97767604e-01	-1.41157304e-01	3.02881337e-02	7.86898434e-01
3.06827437e+00	9.89274901e-01	-1.30654609e-01	2.41611781e-02	8.82781470e-01
3.21556889e+00	1.08653631e+00	-1.21204131e-01	1.88073602e-02	9.84139535e-01
3.36466018e+00	1.18962758e+00	-1.12871191e-01	1.42453002e-02	1.09100169e+00
3.51539812e+00	1.29860670e+00	-1.05466471e-01	1.04620752e-02	1.20360230e+00
3.66763093e+00	1.41351317e+00	-9.85307431e-02	7.41790917e-03	1.32240034e+00
3.82120532e+00	1.53436737e+00	-9.14393898e-02	5.05025235e-03	1.44797823e+00
3.97596666e+00	1.66116998e+00	-8.36062675e-02	3.27955219e-03	1.58084326e+00
4.13175911e+00	1.79390150e+00	-7.46940625e-02	2.01455969e-03	1.72122200e+00
4.28842581e+00	1.93252183e+00	-6.47181682e-02	1.15856350e-03	1.86896222e+00
4.44580900e+00	2.07696992e+00	-5.39984648e-02	6.15771221e-04	2.02358723e+00
4.60375022e+00	2.22716355e+00	-4.30128636e-02	2.97597051e-04	2.18444828e+00
4.76209042e+00	2.38299911e+00	-3.22438333e-02	1.28139546e-04	2.35088342e+00
4.92067018e+00	2.54435156e+00	-2.20806071e-02	4.79113925e-05	2.52231886e+00
5.07932982e+00	2.71107438e+00	-1.27850354e-02	1.50614124e-05	2.69830441e+00
5.23790958e+00	2.88299972e+00	-4.49804587e-03	3.82281511e-06	2.87850549e+00
5.39624978e+00	3.05993847e+00	2.73679256e-03	7.44825551e-07	3.06267601e+00
5.55419100e+00	3.24168063e+00	8.94415743e-03	1.04621679e-07	3.25062489e+00
5.71157419e+00	3.42799556e+00	1.41902176e-02	9.81094990e-09	3.44218579e+00
5.86824089e+00	3.61863244e+00	1.85561462e-02	5.59490443e-10	3.63718858e+00
6.02403334e+00	3.81332077e+00	2.21131000e-02	1.73472058e-11	3.83543387e+00
6.17879468e+00	4.01177099e+00	2.48994972e-02	2.56168609e-13	4.03667048e+00
6.33236907e+00	4.21367507e+00	2.69046261e-02	1.54372283e-15	4.24057970e+00
6.48460188e+00	4.41870737e+00	2.80660868e-02	3.20268026e-18	4.44677345e+00
6.63533982e+00	4.62652533e+00	2.82918796e-02	2.11774671e-21	4.65481721e+00
6.78443111e+00	4.83677048e+00	2.75069039e-02	2.94104533e-25	4.86427738e+00
6.93172563e+00	5.04906933e+00	2.57128619e-02	7.16410963e-30	5.07478219e+00
7.07707507e+00	5.26303441e+00	2.30366319e-02	2.36384664e-35	5.28607104e+00
7.22033306e+00	5.47826540e+00	1.97376188e-02	7.75051989e-42	5.49800302e+00
7.36135537e+00	5.69435021e+00	1.61628140e-02	1.86330342e-49	5.71051303e+00
7.50000000e+00	5.91086625e+00	1.26657099e-02	2.50474578e-58	5.92353196e+00
7.63612734e+00	6.12738162e+00	9.52628109e-03	1.31036057e-68	6.13690790e+00
7.76960032e+00	6.34345645e+00	6.90613142e-03	2.10055470e-80	6.35036258e+00
7.90028455e+00	6.55864422e+00	4.84910595e-03	7.88520405e-94	6.56349333e+00
8.02804844e+00	6.77249314e+00	3.31344992e-03	5.75169710e-109	6.77580659e+00
8.15276334e+00	6.98454752e+00	2.21293926e-03	5.60484861e-126	6.98676046e+00
8.27430367e+00	7.19434925e+00	1.44991118e-03	5.14924955e-145	7.19579916e+00
8.39254706e+00	7.40143920e+00	9.34945148e-04	1.97192327e-167	7.40237414e+00
8.50737444e+00	7.60535869e+00	5.95038381e-04	8.91062487e-191	7.60595373e+00
8.61867019e+00	7.80565100e+00	3.74796202e-04	3.29069394e-216	7.80602579e+00
8.72632225e+00	8.00186277e+00	2.34258050e-04	1.04458284e-243	8.00209703e+00
8.83022222e+00	8.19354553e+00	1.45680247e-04	3.24962726e-273	8.19369121e+00
8.93026547e+00	8.38025714e+00	9.03813739e-05	1.23119395e-304	8.38034752e+00
9.02635129e+00	8.56156323e+00	5.60912159e-05	0.00000000e+00	8.56161932e+00
9.11838291e+00	8.73703864e+00	3.49140008e-05	0.00000000e+00	8.73707356e+00
9.20626766e+00	8.90626884e+00	2.18544239e-05	0.00000000e+00	8.90629070e+00
9.28991707e+00	9.06885127e+00	1.37919091e-05	0.00000000e+00	9.06886506e+00
9.36924689e+00	9.22439670e+00	8.79754683e-06	0.00000000e+00	9.22440549e+00
9.44417724e+00	9.37253053e+00	5.68589360e-06	0.00000000e+00	9.37253621e+00
9.51463269e+00	9.51289405e+00	3.73222599e-06	0.00000000e+00	9.51289778e+00
9.58054229e+00	9.64514564e+00	2.49384854e-06	0.00000000e+00	9.64514813e+00
9.64183967e+00	9.76896191e+00	1.70002402e-06	0.00000000e+00	9.76896361e+00
9.69846310e+00	9.88403880e+00	1.18471137e-06	0.00000000e+00	9.88403998e+00
9.75035559e+00	9.99009261e+00	8.45756033e-07	0.00000000e+00	9.99009346e+00
9.79746487e+00	1.00868610e+01	6.19635958e-07	0.00000000e+00	1.00868616e+01
9.83974351e+00	1.01741037e+01	4.66720366e-07	0.00000000e+00	1.01741042e+01
9.87714893e+00	1.02516037e+01	3.61992403e-07	0.00000000e+00	1.02516041e+01
9.90964349e+00	1.03191676e+01	2.89528575e-07	0.00000000e+00	1.03191679e+01
9.93719444e+00	1.03766264e+01	2.39116079e-07	0.00000000e+00	1.03766267e+01
9.95977406e+00	1.04238362e+01	2.04152267e-07	0.00000000e+00	1.04238364e+01
9.97735961e+00	1.04606786e+01	1.80350740e-07	0.00000000e+00	1.04606787e+01
9.98993338e+00	1.04870609e+01	1.64979635e-07	0.00000000e+00	1.04870611e+01
9.99748271e+00	1.05029169e+01	1.56357111e-07	0.00000000e+00	1.05029171e+01
1.00000000e+01	1.05082067e+01	1.53579954e-07	0.00000000e+00	1.05082068e+01
