#density    m*/m
0.01  0.941254861906931
0.02  0.918017629010867
0.03  0.8991499205848
0.04  0.881587186473084
0.05  0.864643449408271
0.06  0.84803636081071
0.07  0.831934788842219
0.08  0.816344876150992
0.09  0.801379918348349
0.1  0.786903708175476
0.11  0.773222498563389
0.12  0.760332155703333
0.13  0.748249433085374
0.14  0.737151587646951
0.15  0.726849668738284
0.16  0.717273759488572
0.17  0.708968382984166
0.18  0.701569198658635
0.19  0.695146388232677
0.2  0.689731737500208
0.21  0.685457785969963
