0.00000000e+00	0.00000000e+00	-3.19765970e-01	9.35398567e-02	-2.26226113e-01
2.51728808e-03	6.65877661e-07	-3.19765783e-01	9.35399220e-02	-2.26225195e-01
1.00666176e-02	1.06486794e-05	-3.19762994e-01	9.35412944e-02	-2.26211051e-01
2.26403871e-02	5.38637149e-05	-3.19750947e-01	9.35472914e-02	-2.26149792e-01
4.02259358e-02	1.70036015e-04	-3.19718577e-01	9.35634777e-02	-2.25985063e-01
6.28055566e-02	4.14500199e-04	-3.19650429e-01	9.35976295e-02	-2.25638299e-01
9.03565137e-02	8.57921471e-04	-3.19526877e-01	9.36595631e-02	-2.25009392e-01
1.22851066e-01	1.58593893e-03	-3.19324100e-01	9.37608113e-02	-2.23977350e-01
1.60256493e-01	2.69873272e-03	-3.19014316e-01	9.39142796e-02	-2.22401304e-01
2.02535132e-01	4.31051678e-03	-3.18565915e-01	9.41338355e-02	-2.20121563e-01
2.49644411e-01	6.54895946e-03	-3.17943849e-01	9.44334747e-02	-2.16961415e-01
3.01536896e-01	9.55453434e-03	-3.17109743e-01	9.48259340e-02	-2.12729274e-01
3.58160335e-01	1.34798041e-02	-3.16022455e-01	9.53213535e-02	-2.07221297e-01
4.19457713e-01	1.84886404e-02	-3.14638375e-01	9.59255615e-02	-2.00224173e-01
4.85367309e-01	2.47553829e-02	-3.12912000e-01	9.66376265e-02	-1.91518991e-01
5.55822757e-01	3.24639420e-02	-3.10796535e-01	9.74474824e-02	-1.80885110e-01
6.30753115e-01	4.18068468e-02	-3.08244540e-01	9.83327556e-02	-1.68104938e-01
7.10082934e-01	5.29842456e-02	-3.05208797e-01	9.92561666e-02	-1.52968385e-01
7.93732336e-01	6.62028601e-02	-3.01643178e-01	1.00162028e-01	-1.35278289e-01
8.81617093e-01	8.16748995e-02	-2.97503736e-01	1.00974107e-01	-1.14854729e-01
9.73648712e-01	9.96169391e-02	-2.92750103e-01	1.01593984e-01	-9.15391801e-02
1.06973453e+00	1.20248767e-01	-2.87346960e-01	1.01901715e-01	-6.51964776e-02
1.16977778e+00	1.43792205e-01	-2.81266059e-01	1.01757978e-01	-3.57158748e-02
1.27367775e+00	1.70469910e-01	-2.74489140e-01	1.01011272e-01	-3.00795855e-03
1.38132981e+00	2.00504154e-01	-2.67011205e-01	9.95091026e-02	3.30020508e-02
1.49262556e+00	2.34115601e-01	-2.58844811e-01	9.71163559e-02	7.23871456e-02
1.60745294e+00	2.71522073e-01	-2.50023971e-01	9.37365562e-02	1.15234659e-01
1.72569633e+00	3.12937318e-01	-2.40605592e-01	8.93346504e-02	1.61666376e-01
1.84723666e+00	3.58569781e-01	-2.30665571e-01	8.39522653e-02	2.11856475e-01
1.97195156e+00	4.08621386e-01	-2.20289598e-01	7.77079153e-02	2.66039703e-01
2.09971545e+00	4.63286339e-01	-2.09563710e-01	7.07834645e-02	3.24506094e-01
2.23039968e+00	5.22749943e-01	-1.98573057e-01	6.34034224e-02	3.87580309e-01
2.36387266e+00	5.87187446e-01	-1.87411619e-01	5.58116371e-02	4.55587464e-01
2.50000000e+00	6.56762917e-01	-1.76201065e-01	4.82488083e-02	5.28810660e-01
2.63864463e+00	7.31628158e-01	-1.65110809e-01	4.09327164e-02	6.07450065e-01
2.77966694e+00	8.11921661e-01	-1.54370419e-01	3.40446933e-02	6.91595935e-01
2.92292493e+00	8.97767604e-01	-1.44260719e-01	2.77231593e-02	7.81230045e-01
3.06827437e+00	9.89274901e-01	-1.35068561e-01	2.20638413e-02	8.76270181e-01
3.21556889e+00	1.08653631e+00	-1.26997682e-01	1.71224109e-02	9.76661035e-01
3.36466018e+00	1.18962758e+00	-1.20050961e-01	1.29189302e-02	1.08249555e+00
3.51539812e+00	1.29860670e+00	-1.13933121e-01	9.44230106e-03	1.19411588e+00
3.66763093e+00	1.41351317e+00	-1.08046275e-01	6.65515564e-03	1.31212205e+00
3.82120532e+00	1.53436737e+00	-1.01625878e-01	4.49802460e-03	1.43723951e+00
3.97596666e+00	1.66116998e+00	-9.39858232e-02	2.89500584e-03	1.57007916e+00
4.13175911e+00	1.79390150e+00	-8.47587571e-02	1.75903919e-03	1.71090178e+00
4.28842581e+00	1.93252183e+00	-7.40023210e-02	9.98180565e-04	1.85951769e+00
4.44580900e+00	2.07696992e+00	-6.21298106e-02	5.21879525e-04	2.01536199e+00
4.60375022e+00	2.22716355e+00	-4.97335509e-02	2.47158621e-04	2.17767716e+00
4.76209042e+00	2.38299911e+00	-3.74061177e-02	1.03783070e-04	2.34569678e+00
4.92067018e+00	2.54435156e+00	-2.56289945e-02	3.76132742e-05	2.51876018e+00
5.07932982e+00	2.71107438e+00	-1.47343659e-02	1.13735426e-05	2.69635139e+00
5.23790958e+00	2.88299972e+00	-4.91348867e-03	2.75009401e-06	2.87808898e+00
5.39624978e+00	3.05993847e+00	3.75487216e-03	5.04307939e-07	3.06369385e+00
5.55419100e+00	3.24168063e+00	1.12691150e-02	6.56768219e-08	3.25294981e+00
5.71157419e+00	3.42799556e+00	1.76724305e-02	5.60536686e-09	3.44566799e+00
5.86824089e+00	3.61863244e+00	2.30208150e-02	2.84348645e-10	3.64165325e+00
6.02403334e+00	3.81332077e+00	2.73543470e-02	7.63014350e-12	3.84067512e+00
6.17879468e+00	4.01177099e+00	3.06736789e-02	9.43513208e-14	4.04244466e+00
6.33236907e+00	4.21367507e+00	3.29265005e-02	4.58434069e-16	4.24660158e+00
6.48460188e+00	4.41870737e+00	3.40164477e-02	7.83285075e-19	4.45272381e+00
6.63533982e+00	4.62652533e+00	3.38424173e-02	3.56059467e-22	4.66036775e+00
6.78443111e+00	4.83677048e+00	3.23632865e-02	3.39830458e-26	4.86913377e+00
6.93172563e+00	5.04906933e+00	2.96664258e-02	5.36870545e-31	5.07873575e+00
7.07707507e+00	5.26303441e+00	2.60043735e-02	1.04840003e-36	5.28903879e+00
7.22033306e+00	5.47826540e+00	2.17702734e-02	1.89726889e-43	5.50003567e+00
7.36135537e+00	5.69435021e+00	1.74145696e-02	2.28344853e-51	5.71176478e+00
7.50000000e+00	5.91086625e+00	1.33399454e-02	1.39488297e-60	5.92420620e+00
7.63612734e+00	6.12738162e+00	9.82150903e-03	2.94481318e-71	6.13720313e+00
7.76960032e+00	6.34345645e+00	6.98148245e-03	1.75629619e-83	6.35043793e+00
7.90028455e+00	6.55864422e+00	4.81421023e-03	2.12375220e-97	6.56345843e+00
8.02804844e+00	6.77249314e+00	3.23470597e-03	4.36643622e-113	6.77572784e+00
8.15276334e+00	6.98454752e+00	2.12603654e-03	1.09011241e-130	6.98667356e+00
8.27430367e+00	7.19434925e+00	1.37150135e-03	1.97441777e-150	7.19572075e+00
8.39254706e+00	7.40143920e+00	8.70999450e-04	1.57735216e-173	7.40231019e+00
8.50737444e+00	7.60535869e+00	5.46100747e-04	1.21342172e-197	7.60590479e+00
8.61867019e+00	7.80565100e+00	3.38982926e-04	6.72176526e-224	7.80598998e+00
8.72632225e+00	8.00186277e+00	2.08912101e-04	2.83351547e-252	8.00207168e+00
8.83022222e+00	8.19354553e+00	1.28189671e-04	1.04344964e-282	8.19367372e+00
8.93026547e+00	8.38025714e+00	7.85370483e-05	0.00000000e+00	8.38033567e+00
9.02635129e+00	8.56156323e+00	4.81739122e-05	0.00000000e+00	8.56161140e+00
9.11838291e+00	8.73703864e+00	2.96646166e-05	0.00000000e+00	8.73706831e+00
9.20626766e+00	8.90626884e+00	1.83850110e-05	0.00000000e+00	8.90628723e+00
9.28991707e+00	9.06885127e+00	1.14967244e-05	0.00000000e+00	9.06886276e+00
9.36924689e+00	9.22439670e+00	7.27118855e-06	0.00000000e+00	9.22440397e+00
9.44417724e+00	9.37253053e+00	4.66151768e-06	0.00000000e+00	9.37253519e+00
9.51463269e+00	9.51289405e+00	3.03607730e-06	0.00000000e+00	9.51289709e+00
9.58054229e+00	9.64514564e+00	2.01307069e-06	0.00000000e+00	9.64514765e+00
9.64183967e+00	9.76896191e+00	1.36151105e-06	0.00000000e+00	9.76896327e+00
9.69846310e+00	9.88403880e+00	9.41196632e-07	0.00000000e+00	9.88403974e+00
9.75035559e+00	9.99009261e+00	6.66205306e-07	0.00000000e+00	9.99009328e+00
9.79746487e+00	1.00868610e+01	4.83668171e-07	0.00000000e+00	1.00868615e+01
9.83974351e+00	1.01741037e+01	3.60808031e-07	0.00000000e+00	1.01741041e+01
9.87714893e+00	1.02516037e+01	2.77071068e-07	0.00000000e+00	1.02516040e+01
9.90964349e+00	1.03191676e+01	2.19356554e-07	0.00000000e+00	1.03191678e+01
9.93719444e+00	1.03766264e+01	1.79384552e-07	0.00000000e+00	1.03766266e+01
9.95977406e+00	1.04238362e+01	1.51767563e-07	0.00000000e+00	1.04238364e+01
9.97735961e+00	1.04606786e+01	1.33010372e-07	0.00000000e+00	1.04606787e+01
9.98993338e+00	1.04870609e+01	1.20910887e-07	0.00000000e+00	1.04870610e+01
9.99748271e+00	1.05029169e+01	1.14146079e-07	0.00000000e+00	1.05029170e+01
1.00000000e+01	1.05082067e+01	1.11974267e-07	0.00000000e+00	1.05082068e+01
