0.00000000e+00	0.00000000e+00	-3.64624994e-01	1.28951137e-01	-2.35673856e-01
2.51728808e-03	6.65877661e-07	-3.64624785e-01	1.28951202e-01	-2.35672917e-01
1.00666176e-02	1.06486794e-05	-3.64621665e-01	1.28952554e-01	-2.35658463e-01
2.26403871e-02	5.38637149e-05	-3.64608189e-01	1.28958503e-01	-2.35595822e-01
4.02259358e-02	1.70036015e-04	-3.64571979e-01	1.28974577e-01	-2.35427365e-01
6.28055566e-02	4.14500199e-04	-3.64495739e-01	1.29008485e-01	-2.35072754e-01
9.03565137e-02	8.57921471e-04	-3.64357530e-01	1.29070004e-01	-2.34429605e-01
1.22851066e-01	1.58593893e-03	-3.64130661e-01	1.29170492e-01	-2.33374230e-01
1.60256493e-01	2.69873272e-03	-3.63784121e-01	1.29322657e-01	-2.31762731e-01
2.02535132e-01	4.31051678e-03	-3.63282597e-01	1.29539766e-01	-2.29432314e-01
2.49644411e-01	6.54895946e-03	-3.62586960e-01	1.29834548e-01	-2.26203452e-01
3.01536896e-01	9.55453434e-03	-3.61654476e-01	1.30218640e-01	-2.21881301e-01
3.58160335e-01	1.34798041e-02	-3.60439367e-01	1.30699623e-01	-2.16259940e-01
4.19457713e-01	1.84886404e-02	-3.58893247e-01	1.31279401e-01	-2.09125205e-01
4.85367309e-01	2.47553829e-02	-3.56965789e-01	1.31951651e-01	-2.00258755e-01
5.55822757e-01	3.24639420e-02	-3.54605396e-01	1.32698729e-01	-1.89442725e-01
6.30753115e-01	4.18068468e-02	-3.51760010e-01	1.33488297e-01	-1.76464866e-01
7.10082934e-01	5.29842456e-02	-3.48377999e-01	1.34269364e-01	-1.61124389e-01
7.93732336e-01	6.62028601e-02	-3.44409095e-01	1.34968777e-01	-1.43237458e-01
8.81617093e-01	8.16748995e-02	-3.39805489e-01	1.35489732e-01	-1.22640858e-01
9.73648712e-01	9.96169391e-02	-3.34523070e-01	1.35709444e-01	-9.91966871e-02
1.06973453e+00	1.20248767e-01	-3.28522656e-01	1.35480143e-01	-7.27937463e-02
1.16977778e+00	1.43792205e-01	-3.21771656e-01	1.34633747e-01	-4.33457036e-02
1.27367775e+00	1.70469910e-01	-3.14246287e-01	1.32989616e-01	-1.07867620e-02
1.38132981e+00	2.00504154e-01	-3.05934115e-01	1.30370698e-01	2.49407369e-02
1.49262556e+00	2.34115601e-01	-2.96838151e-01	1.26623101e-01	6.39005515e-02
1.60745294e+00	2.71522073e-01	-2.86981124e-01	1.21643931e-01	1.06184881e-01
1.72569633e+00	3.12937318e-01	-2.76410125e-01	1.15408652e-01	1.51935846e-01
1.84723666e+00	3.58569781e-01	-2.65198209e-01	1.07992090e-01	2.01363661e-01
1.97195156e+00	4.08621386e-01	-2.53440600e-01	9.95708979e-02	2.54751684e-01
2.09971545e+00	4.63286339e-01	-2.41247348e-01	9.04019157e-02	3.12440906e-01
2.23039968e+00	5.22749943e-01	-2.28739358e-01	8.07851042e-02	3.74795689e-01
2.36387266e+00	5.87187446e-01	-2.16055997e-01	7.10275069e-02	4.42158955e-01
2.50000000e+00	6.56762917e-01	-2.03372203e-01	6.14138356e-02	5.14804550e-01
2.63864463e+00	7.31628158e-01	-1.90916850e-01	5.21888354e-02	5.92900143e-01
2.77966694e+00	8.11921661e-01	-1.78975829e-01	4.35482802e-02	6.76494113e-01
2.92292493e+00	8.97767604e-01	-1.67862793e-01	3.56376735e-02	7.65542484e-01
3.06827437e+00	9.89274901e-01	-1.57844794e-01	2.85549907e-02	8.59985097e-01
3.21556889e+00	1.08653631e+00	-1.49027252e-01	2.23550685e-02	9.59864122e-01
3.36466018e+00	1.18962758e+00	-1.41235458e-01	1.70544040e-02	1.06544652e+00
3.51539812e+00	1.29860670e+00	-1.33962668e-01	1.26368340e-02	1.17728086e+00
3.66763093e+00	1.41351317e+00	-1.26451358e-01	9.05778436e-03	1.29611960e+00
3.82120532e+00	1.53436737e+00	-1.17914240e-01	6.24905394e-03	1.42270218e+00
3.97596666e+00	1.66116998e+00	-1.07806061e-01	4.12413902e-03	1.55748806e+00
4.13175911e+00	1.79390150e+00	-9.60055700e-02	2.58379658e-03	1.70047972e+00
4.28842581e+00	1.93252183e+00	-8.28170798e-02	1.52214472e-03	1.85122689e+00
4.44580900e+00	2.07696992e+00	-6.88183346e-02	8.33253600e-04	2.00898484e+00
4.60375022e+00	2.22716355e+00	-5.46611384e-02	4.17607356e-04	2.17292002e+00
4.76209042e+00	2.38299911e+00	-4.09197427e-02	1.88072519e-04	2.34226744e+00
4.92067018e+00	2.54435156e+00	-2.80206293e-02	7.43474448e-05	2.51640528e+00
5.07932982e+00	2.71107438e+00	-1.62336244e-02	2.50483971e-05	2.69486581e+00
5.23790958e+00	2.88299972e+00	-5.69608132e-03	6.93145088e-06	2.87731057e+00
5.39624978e+00	3.05993847e+00	3.55471827e-03	1.50431195e-06	3.06349470e+00
5.55419100e+00	3.24168063e+00	1.15474965e-02	2.41765440e-07	3.25322837e+00
5.71157419e+00	3.42799556e+00	1.83498088e-02	2.68132701e-08	3.44634539e+00
5.86824089e+00	3.61863244e+00	2.40411756e-02	1.88315101e-09	3.64267361e+00
6.02403334e+00	3.81332077e+00	2.86901090e-02	7.55364241e-11	3.84201088e+00
6.17879468e+00	4.01177099e+00	3.23308152e-02	1.53020914e-12	4.04410180e+00
6.33236907e+00	4.21367507e+00	3.49465607e-02	1.35672951e-14	4.24862164e+00
6.48460188e+00	4.41870737e+00	3.64652965e-02	4.46124837e-17	4.45517266e+00
6.63533982e+00	4.62652533e+00	3.67824559e-02	5.16670893e-20	4.66330779e+00
6.78443111e+00	4.83677048e+00	3.58127184e-02	1.39106218e-23	4.87258320e+00
6.93172563e+00	5.04906933e+00	3.35597810e-02	7.50639985e-28	5.08262911e+00
7.07707507e+00	5.26303441e+00	3.01766968e-02	6.24420534e-33	5.29321111e+00
7.22033306e+00	5.47826540e+00	2.59797541e-02	6.04921604e-39	5.50424515e+00
7.36135537e+00	5.69435021e+00	2.13985798e-02	5.10803140e-46	5.71574879e+00
7.50000000e+00	5.91086625e+00	1.68795554e-02	2.81220817e-54	5.92774581e+00
7.63612734e+00	6.12738162e+00	1.27856946e-02	7.67230665e-64	6.14016731e+00
7.76960032e+00	6.34345645e+00	9.33641519e-03	7.69300663e-75	6.35279287e+00
7.90028455e+00	6.55864422e+00	6.60243019e-03	2.12350680e-87	6.56524665e+00
8.02804844e+00	6.77249314e+00	4.54246838e-03	1.45605023e-101	6.77703561e+00
8.15276334e+00	6.98454752e+00	3.05331279e-03	1.79075999e-117	6.98760083e+00
8.27430367e+00	7.19434925e+00	2.01253391e-03	3.64528918e-135	7.19636178e+00
8.39254706e+00	7.40143920e+00	1.30499639e-03	2.17488008e-156	7.40274419e+00
8.50737444e+00	7.60535869e+00	8.34919641e-04	2.48132587e-178	7.60619361e+00
8.61867019e+00	7.80565100e+00	5.28531971e-04	2.92120846e-202	7.80617953e+00
8.72632225e+00	8.00186277e+00	3.31968463e-04	3.70065472e-228	8.00219474e+00
8.83022222e+00	8.19354553e+00	2.07464247e-04	5.68082071e-256	8.19375299e+00
8.93026547e+00	8.38025714e+00	1.29364303e-04	1.29190308e-285	8.38038650e+00
9.02635129e+00	8.56156323e+00	8.07082965e-05	0.00000000e+00	8.56164394e+00
9.11838291e+00	8.73703864e+00	5.05143620e-05	0.00000000e+00	8.73708916e+00
9.20626766e+00	8.90626884e+00	3.18018435e-05	0.00000000e+00	8.90630064e+00
9.28991707e+00	9.06885127e+00	2.01886414e-05	0.00000000e+00	9.06887146e+00
9.36924689e+00	9.22439670e+00	1.29547894e-05	0.00000000e+00	9.22440965e+00
9.44417724e+00	9.37253053e+00	8.42253508e-06	0.00000000e+00	9.37253895e+00
9.51463269e+00	9.51289405e+00	5.56026527e-06	0.00000000e+00	9.51289961e+00
9.58054229e+00	9.64514564e+00	3.73517956e-06	0.00000000e+00	9.64514937e+00
9.64183967e+00	9.76896191e+00	2.55859070e-06	0.00000000e+00	9.76896447e+00
9.69846310e+00	9.88403880e+00	1.79040213e-06	0.00000000e+00	9.88404059e+00
9.75035559e+00	9.99009261e+00	1.28247267e-06	0.00000000e+00	9.99009389e+00
9.79746487e+00	1.00868610e+01	9.41954786e-07	0.00000000e+00	1.00868619e+01
9.83974351e+00	1.01741037e+01	7.10597866e-07	0.00000000e+00	1.01741044e+01
9.87714893e+00	1.02516037e+01	5.51520321e-07	0.00000000e+00	1.02516043e+01
9.90964349e+00	1.03191676e+01	4.41040889e-07	0.00000000e+00	1.03191680e+01
9.93719444e+00	1.03766264e+01	3.63947394e-07	0.00000000e+00	1.03766268e+01
9.95977406e+00	1.04238362e+01	3.10350670e-07	0.00000000e+00	1.04238365e+01
9.97735961e+00	1.04606786e+01	2.73783722e-07	0.00000000e+00	1.04606788e+01
9.98993338e+00	1.04870609e+01	2.50154200e-07	0.00000000e+00	1.04870611e+01
9.99748271e+00	1.05029169e+01	2.36876161e-07	0.00000000e+00	1.05029171e+01
1.00000000e+01	1.05082067e+01	2.32600615e-07	0.00000000e+00	1.05082069e+01
