0.00000000e+00	0.00000000e+00	-1.74366402e-01	2.07056022e-02	-1.53660800e-01
2.51728808e-03	6.65877661e-07	-1.74366288e-01	2.07056448e-02	-1.53659977e-01
1.00666176e-02	1.06486794e-05	-1.74364572e-01	2.07063614e-02	-1.53647562e-01
2.26403871e-02	5.38637149e-05	-1.74357162e-01	2.07094837e-02	-1.53593815e-01
4.02259358e-02	1.70036015e-04	-1.74337242e-01	2.07179010e-02	-1.53449305e-01
6.28055566e-02	4.14500199e-04	-1.74295308e-01	2.07356481e-02	-1.53145160e-01
9.03565137e-02	8.57921471e-04	-1.74219267e-01	2.07677635e-02	-1.52593582e-01
1.22851066e-01	1.58593893e-03	-1.74094417e-01	2.08202391e-02	-1.51688239e-01
1.60256493e-01	2.69873272e-03	-1.73903610e-01	2.08999059e-02	-1.50304971e-01
2.02535132e-01	4.31051678e-03	-1.73627290e-01	2.10140298e-02	-1.48302743e-01
2.49644411e-01	6.54895946e-03	-1.73243638e-01	2.11700470e-02	-1.45524631e-01
3.01536896e-01	9.55453434e-03	-1.72728696e-01	2.13749391e-02	-1.41799223e-01
3.58160335e-01	1.34798041e-02	-1.72056621e-01	2.16347617e-02	-1.36942055e-01
4.19457713e-01	1.84886404e-02	-1.71199762e-01	2.19536010e-02	-1.30757520e-01
4.85367309e-01	2.47553829e-02	-1.70129088e-01	2.23328672e-02	-1.23040838e-01
5.55822757e-01	3.24639420e-02	-1.68814490e-01	2.27700520e-02	-1.13580496e-01
6.30753115e-01	4.18068468e-02	-1.67225416e-01	2.32578113e-02	-1.02160758e-01
7.10082934e-01	5.29842456e-02	-1.65331566e-01	2.37829822e-02	-8.85643381e-02
7.93732336e-01	6.62028601e-02	-1.63104057e-01	2.43258298e-02	-7.25753668e-02
8.81617093e-01	8.16748995e-02	-1.60516960e-01	2.48598975e-02	-5.39821630e-02
9.73648712e-01	9.96169391e-02	-1.57549546e-01	2.53525870e-02	-3.25800204e-02
1.06973453e+00	1.20248767e-01	-1.54188998e-01	2.57667603e-02	-8.17347037e-03
1.16977778e+00	1.43792205e-01	-1.50433731e-01	2.60636572e-02	1.94221310e-02
1.27367775e+00	1.70469910e-01	-1.46296148e-01	2.62067483e-02	5.03805101e-02
1.38132981e+00	2.00504154e-01	-1.41803655e-01	2.61652794e-02	8.48657778e-02
1.49262556e+00	2.34115601e-01	-1.36995738e-01	2.59159307e-02	1.23035794e-01
1.60745294e+00	2.71522073e-01	-1.31917629e-01	2.54410822e-02	1.65045527e-01
1.72569633e+00	3.12937318e-01	-1.26612487e-01	2.47257254e-02	2.11050557e-01
1.84723666e+00	3.58569781e-01	-1.21116192e-01	2.37556465e-02	2.61209236e-01
1.97195156e+00	4.08621386e-01	-1.15456413e-01	2.25193091e-02	3.15684282e-01
2.09971545e+00	4.63286339e-01	-1.09655000e-01	2.10135752e-02	3.74644914e-01
2.23039968e+00	5.22749943e-01	-1.03731656e-01	1.92511838e-02	4.38269470e-01
2.36387266e+00	5.87187446e-01	-9.77081051e-02	1.72675036e-02	5.06746844e-01
2.50000000e+00	6.56762917e-01	-9.16129199e-02	1.51231326e-02	5.80273129e-01
2.63864463e+00	7.31628158e-01	-8.54882923e-02	1.29003652e-02	6.59040231e-01
2.77966694e+00	8.11921661e-01	-7.93993728e-02	1.06928000e-02	7.43215089e-01
2.92292493e+00	8.97767604e-01	-7.34454968e-02	8.59205974e-03	8.32914167e-01
3.06827437e+00	9.89274901e-01	-6.77695884e-02	6.67550190e-03	9.28180814e-01
3.21556889e+00	1.08653631e+00	-6.25570357e-02	4.99856260e-03	1.02897783e+00
3.36466018e+00	1.18962758e+00	-5.80115279e-02	3.59221961e-03	1.13520827e+00
3.51539812e+00	1.29860670e+00	-5.42977513e-02	2.46423996e-03	1.24677319e+00
3.66763093e+00	1.41351317e+00	-5.14541322e-02	1.60241074e-03	1.36366145e+00
3.82120532e+00	1.53436737e+00	-4.93061478e-02	9.78980255e-04	1.48604020e+00
3.97596666e+00	1.66116998e+00	-4.74357206e-02	5.55638818e-04	1.61428990e+00
4.13175911e+00	1.79390150e+00	-4.52562941e-02	2.88820504e-04	1.74893402e+00
4.28842581e+00	1.93252183e+00	-4.21904342e-02	1.35029110e-04	1.89046642e+00
4.44580900e+00	2.07696992e+00	-3.78712384e-02	5.54936056e-05	2.03915418e+00
4.60375022e+00	2.22716355e+00	-3.22584866e-02	1.94745968e-05	2.19492454e+00
4.76209042e+00	2.38299911e+00	-2.56138407e-02	5.62558473e-06	2.35739090e+00
4.92067018e+00	2.54435156e+00	-1.83716101e-02	1.27717162e-06	2.52598122e+00
5.07932982e+00	2.71107438e+00	-1.09906353e-02	2.15034939e-07	2.70008396e+00
5.23790958e+00	2.88299972e+00	-3.85650390e-03	2.49799503e-08	2.87914324e+00
5.39624978e+00	3.05993847e+00	2.75297407e-03	1.83134500e-09	3.06269145e+00
5.55419100e+00	3.24168063e+00	8.65481482e-03	7.60192541e-11	3.25033545e+00
5.71157419e+00	3.42799556e+00	1.37247605e-02	1.56720114e-12	3.44172032e+00
5.86824089e+00	3.61863244e+00	1.78563797e-02	1.37362374e-14	3.63648882e+00
6.02403334e+00	3.81332077e+00	2.09348123e-02	4.26679441e-17	3.83425558e+00
6.17879468e+00	4.01177099e+00	2.28346368e-02	3.99287040e-20	4.03460562e+00
6.33236907e+00	4.21367507e+00	2.34552195e-02	8.35856260e-24	4.23713029e+00
6.48460188e+00	4.41870737e+00	2.27799171e-02	3.07297612e-28	4.44148728e+00
6.63533982e+00	4.62652533e+00	2.09344201e-02	1.47205209e-33	4.64745975e+00
6.78443111e+00	4.83677048e+00	1.82045919e-02	6.55803115e-40	4.85497507e+00
6.93172563e+00	5.04906933e+00	1.49914460e-02	1.89495523e-47	5.06406077e+00
7.07707507e+00	5.26303441e+00	1.17168012e-02	2.41459207e-56	5.27475121e+00
7.22033306e+00	5.47826540e+00	8.72372879e-03	8.89887859e-67	5.48698913e+00
7.36135537e+00	5.69435021e+00	6.21786300e-03	6.65846686e-79	5.70056808e+00
7.50000000e+00	5.91086625e+00	4.26512499e-03	6.28742882e-93	5.91513137e+00
7.63612734e+00	6.12738162e+00	2.82987588e-03	5.43980550e-109	6.13021150e+00
7.76960032e+00	6.34345645e+00	1.82414736e-03	2.84060087e-127	6.34528060e+00
7.90028455e+00	6.55864422e+00	1.14657208e-03	5.14079675e-148	6.55979079e+00
8.02804844e+00	6.77249314e+00	7.04956149e-04	6.72464506e-172	6.77319809e+00
8.15276334e+00	6.98454752e+00	4.25205713e-04	6.21307101e-198	6.98497273e+00
8.27430367e+00	7.19434925e+00	2.52317032e-04	9.84997676e-227	7.19460157e+00
8.39254706e+00	7.40143920e+00	1.47728363e-04	2.30191430e-258	7.40158692e+00
8.50737444e+00	7.60535869e+00	8.55887313e-05	7.39235898e-293	7.60544428e+00
8.61867019e+00	7.80565100e+00	4.92129157e-05	0.00000000e+00	7.80570021e+00
8.72632225e+00	8.00186277e+00	2.81638080e-05	0.00000000e+00	8.00189093e+00
8.83022222e+00	8.19354553e+00	1.60862925e-05	0.00000000e+00	8.19356162e+00
8.93026547e+00	8.38025714e+00	9.19499881e-06	0.00000000e+00	8.38026633e+00
9.02635129e+00	8.56156323e+00	5.27319164e-06	0.00000000e+00	8.56156850e+00
9.11838291e+00	8.73703864e+00	3.04098044e-06	0.00000000e+00	8.73704168e+00
9.20626766e+00	8.90626884e+00	1.76777906e-06	0.00000000e+00	8.90627061e+00
9.28991707e+00	9.06885127e+00	1.03784842e-06	0.00000000e+00	9.06885231e+00
9.36924689e+00	9.22439670e+00	6.16664163e-07	0.00000000e+00	9.22439731e+00
9.44417724e+00	9.37253053e+00	3.71388091e-07	0.00000000e+00	9.37253090e+00
9.51463269e+00	9.51289405e+00	2.26956188e-07	0.00000000e+00	9.51289428e+00
9.58054229e+00	9.64514564e+00	1.40938202e-07	0.00000000e+00	9.64514578e+00
9.64183967e+00	9.76896191e+00	8.89840499e-08	0.00000000e+00	9.76896200e+00
9.69846310e+00	9.88403880e+00	5.71574371e-08	0.00000000e+00	9.88403885e+00
9.75035559e+00	9.99009261e+00	3.73743980e-08	0.00000000e+00	9.99009265e+00
9.79746487e+00	1.00868610e+01	2.49116939e-08	0.00000000e+00	1.00868610e+01
9.83974351e+00	1.01741037e+01	1.69501874e-08	0.00000000e+00	1.01741037e+01
9.87714893e+00	1.02516037e+01	1.17911802e-08	0.00000000e+00	1.02516037e+01
9.90964349e+00	1.03191676e+01	8.41331995e-09	0.00000000e+00	1.03191676e+01
9.93719444e+00	1.03766264e+01	6.18804546e-09	0.00000000e+00	1.03766264e+01
9.95977406e+00	1.04238362e+01	4.72229663e-09	0.00000000e+00	1.04238362e+01
9.97735961e+00	1.04606786e+01	3.77083530e-09	0.00000000e+00	1.04606786e+01
9.98993338e+00	1.04870609e+01	3.17999707e-09	0.00000000e+00	1.04870609e+01
9.99748271e+00	1.05029169e+01	2.85866359e-09	0.00000000e+00	1.05029169e+01
1.00000000e+01	1.05082067e+01	2.75671692e-09	0.00000000e+00	1.05082067e+01
