#density    m*/m
0.01  0.866767894477263
0.02  0.809627651811728
0.03  0.771502329198629
0.04  0.742418102820998
0.05  0.718583644789561
0.06  0.698330185242042
0.07  0.680745751864466
0.08  0.665107705525969
0.09  0.651143101476838
0.1  0.638525380068824
0.11  0.627119338602434
0.12  0.616661709040105
0.13  0.607097770569311
0.14  0.59836163347717
0.15  0.590374007321811
0.16  0.583081543255088
0.17  0.576370333089048
0.18  0.570259415253953
0.19  0.564663475591006
0.2  0.559657517654148
0.21  0.555094793942341
