#density    m*/m
0.01  0.871256409550802
0.02  0.817128917562831
0.03  0.781303869816462
0.04  0.754141552882565
0.05  0.7318881962723
0.06  0.713034761215872
0.07  0.696631999448117
0.08  0.682027067277336
0.09  0.668954167511461
0.1  0.657143344562481
0.11  0.646424459817248
0.12  0.636680532886973
0.13  0.627671780136189
0.14  0.619398924347854
0.15  0.611848912137893
0.16  0.60495691384225
0.17  0.598665005693947
0.18  0.592935995489188
0.19  0.587710167478297
0.2  0.583081815997723
0.21  0.578825990391459
