#density    m*/m
0.01  0.864153328137332
0.02  0.803129658649936
0.03  0.760290685204392
0.04  0.726174159990856
0.05  0.6972071458657
0.06  0.671916430968769
0.07  0.649407268122926
0.08  0.629070025603894
0.09  0.610568298862119
0.1  0.593617985211
0.11  0.578024206241418
0.12  0.563577826784335
0.13  0.55024615938068
0.14  0.537847215464923
0.15  0.52636423694289
0.16  0.515664552319884
0.17  0.505776409243357
0.18  0.496588288252303
0.19  0.488047164821442
0.2  0.480172475727378
0.21  0.472891011532684
