#density    m*/m
0.01  0.865149273383301
0.02  0.807446837133149
0.03  0.769018870648752
0.04  0.739747381264072
0.05  0.715774971598571
0.06  0.695453393225903
0.07  0.677797324426666
0.08  0.662126452682812
0.09  0.648102377713074
0.1  0.635434566702778
0.11  0.623899698700915
0.12  0.613300784035125
0.13  0.603612983495698
0.14  0.594619159975273
0.15  0.586324621536744
0.16  0.578597392177307
0.17  0.571465026820679
0.18  0.564835908831487
0.19  0.558642536617341
0.2  0.552941066105207
0.21  0.547629247394979
