#density    m*/m
0.01  0.861582349465446
0.02  0.801077262047922
0.03  0.760366381786168
0.04  0.72909900704546
0.05  0.703518840973746
0.06  0.68183383827623
0.07  0.662918630736196
0.08  0.646205548622234
0.09  0.631294386590661
0.1  0.617869353940608
0.11  0.605702570638527
0.12  0.59463809728304
0.13  0.584507988743316
0.14  0.575211318144718
0.15  0.566696500901892
0.16  0.558924001002837
0.17  0.551783732754884
0.18  0.545298241376487
0.19  0.539338376286483
0.2  0.533999867591819
0.21  0.529070102134926
